2000
5433012 2530829 6624039 810111 1215279 8990608
1579240 6135241 9777560 973060 8513358 3602037
629072 1441955 7275367 7015764 1171979 4037655
1521911 9245038 7122250 991709 9486738 2077052
3745328 9781064 1037872 9682180 9823754 6655194
831970 3709137 781527 9339287 2234302 4858837
7031986 2420198 9071203 1976225 9578342 5175466
9399557 3032085 1728987 9757631 9583219 3151952
6247794 1634613 9189627 1053424 9468528 999941
3455413 8328453 8920785 7173808 5270514 7811503
9824097 7603172 6066345 5029255 4167906 3015985
4095259 1373299 9637230 5037344 8811335 8306674
5762565 7530188 4830794 1228106 1980815 8588807
7014936 2767604 5738744 2549877 8203439 7074924
657788 1302255 9362957 9613779 5263809 5706306
5875018 9971871 8332820 9729027 7653855 1153650
1570280 4528829 7954050 1090518 1017864 5194349
9696328 7476611 4774720 6472506 5821782 378543
7745961 5963698 2819383 1964541 8282794 989091
3660918 4822307 2169968 4154287 6675615 6559047
8330000 1351929 2791163 7536114 6738472 9218072
4661367 2297239 7222954 9231152 4671130 6967519
6019181 6382745 3871367 2532032 1392252 2956442
2538365 3891590 3914729 202384 8136324 9883852
3059205 4408156 4730012 68679 2444044 7028755
8968948 6195046 9501629 5345416 2105398 8648511
905850 7661210 9383022 6583025 6678500 6693754
6612236 1737064 8078612 6718312 1044345 3197897
1129905 3502465 7392492 2722995 1844290 5705153
882072 1717644 3913 9509051 2537804 9002967
1702289 6100362 427833 1179699 3488867 6312081
2492263 4232182 5828229 6109648 7954941 2060950
1935310 8188423 7818005 8059692 8117398 5232013
1440905 2417890 1714423 5748475 4441883 8029943
2708490 8662655 387481 3442936 8862688 6069199
2459582 9112921 453697 8860206 5001115 1526903
4380786 8697256 6152201 2802500 5967591 3737842
8935417 9085988 8433856 5530860 3742018 3274007
4016258 6722368 3804057 3354067 8684536 8267507
5965349 486206 468706 4687865 7922873 4348224
3248823 5776075 7503235 5863966 6117575 1351205
3698744 1713912 3805841 7886633 3300181 5666294
3428816 8097578 32016 8044229 5771478 1422346
2011649 6518548 3344024 8020058 2995097 7280054
5578712 1455421 6641067 7770544 6734153 1424708
2665162 2852188 2131350 462193 2535887 9912185
7807342 2452397 9997043 7958388 5878862 2615776
9204988 9198705 2197544 358976 238956 1724228
8834563 2336239 7278114 3268292 3540702 469656
4225087 3569852 4915164 8408101 4035581 9838783
5469193 4351419 9132723 7029864 2199051 1021808
5935510 7686665 9786968 8669808 7056971 8416272
2193843 8922542 2547391 8782983 8565557 313815
7384070 3072040 65976 2513268 2891498 2374965
7943893 2018913 9336111 1036081 5469072 8696448
8904110 9318768 8094788 1780220 9400209 953324
4169042 3209584 4645897 707979 1639893 8518027
7586253 9424255 467509 1063152 7436474 5462890
8481774 8592643 3345430 4650401 7589103 8525445
8947044 8020118 8518662 4154974 8778001 4355235
9387083 3398871 7508277 2300734 6990009 2040477
6582781 7417510 5301261 1217121 4037248 7186330
1226762 3568342 5079806 2052690 2591184 6143536
2398789 4246444 2302750 7847305 3684072 1579162
6681641 8174879 2731249 3753267 2708950 7239734
8650417 6774803 5689424 7067846 3284050 5983003
5343972 1546759 6139664 326869 5670358 9295420
7695218 7389660 303365 6448231 5561611 8681099
4956897 8594334 1078620 1893308 3834497 1757909
1410314 4455429 4562068 664179 3045926 4537332
2173581 7084249 4338739 6810674 2505978 9002635
8636619 9572994 8298213 5486963 1500926 4681888
965134 3076002 7135635 1214906 4511786 282389
1485889 4371335 1404966 3731386 1117740 4436751
2041410 7613056 193715 5690022 9278876 7008855
4493940 2168032 724871 8840167 4000295 1836290
2708666 4393873 845231 3039125 3385109 5234363
5117141 8910141 3453951 4864735 7477384 8390094
2984664 4538612 5821711 304726 4201832 619907
257465 309269 8483466 9245070 3178552 8627430
7965161 4121818 7500347 1783105 7250736 8304748
9158787 6594889 8500779 5163742 3610140 3851482
5749629 3332365 2344092 6789700 5830957 912488
2177994 239161 1186531 4288153 7226629 2738822
929476 1417420 6390135 8488313 4730055 4063658
4916705 758959 7708341 3109691 2642964 4513686
7479695 60779 4416485 6109278 5518465 9178368
5427998 4101131 577920 5193352 3655182 5982485
3069524 17933 5625950 6402632 1407450 7963198
4679649 8434980 3371885 4163759 8468058 83056
1524238 4432015 1505812 2413656 6702685 9844882
699055 6609864 377389 5027226 5104376 3905896
1417384 9824457 8878327 2604698 6535001 5471633
8291145 2507575 4767691 2428539 734641 8606396
7201531 8481571 2337193 8787189 8461942 9537503
269773 9798926 3857765 1427601 522786 702329
2232933 6051667 1760206 6318605 7573003 9370532
851952 316094 8916148 4103030 8208996 4425710
55605 7666324 1176276 8438453 8979162 1542529
8824650 1108141 7950025 4231105 1249063 4455327
3939049 3442978 3871109 7723224 8287085 6418299
1287481 8036456 4820415 784292 3326756 1299761
2473382 5566226 4260410 5107272 9525460 2238768
209198 8093676 1017722 8150338 4509258 1669652
3652290 8214365 4879761 8666030 4790625 7795749
7816464 7823872 1988148 9211975 3342860 5229033
1440395 7934703 293676 4858495 7700252 1282857
8499648 7540535 4507320 6490238 3520484 3535107
1251796 9755487 1515034 2378013 8792363 4392425
6032308 2224743 8535313 4690370 1890415 6126846
3881972 8353173 8156086 6611574 416652 2668672
60238 8249291 7562502 6801807 5065897 2360675
6982361 5770693 6310014 5302909 2028522 5558700
29215 5445004 5675272 6681686 2013959 3283991
196656 4862590 4248196 6244848 1090139 6591757
6545816 9884744 1281790 6051698 7181533 4616339
809804 4708319 1706408 865998 4791961 2498368
4182974 4458176 7318905 8572536 5294912 3185138
6263761 7176414 486729 6711585 9297144 9214519
3413086 1351856 830070 6893523 7564182 2324861
4801778 8146598 821696 9229284 2135929 2864924
7921934 6960307 5765705 4726914 4995782 4290651
4364912 6815060 4004134 5047195 8106449 9350306
6616393 2008946 2807372 2712153 1261153 3487522
8398754 8339547 9233953 3691411 7599845 5584032
7549083 7170968 2342033 9190312 3228055 4095077
1521936 2930897 5737056 9326019 1528309 5356759
4011878 6179138 4334520 9556599 3391377 336915
6925327 6422953 6943814 8794082 3523298 6322759
4533872 5674106 1041185 8357501 4655951 9634832
6042234 2111811 8445579 8878933 3623260 1553539
4546975 4168360 6451858 6706811 7480262 7245017
5234760 365919 2134850 540956 7133670 7940124
9851186 8217889 2997 1227050 6568633 8856044
7854277 7532138 4168555 1829488 3754747 2590039
2551281 8763840 1826877 7672641 1426120 9252649
663476 22918 2108086 3901991 9552649 630684
5096620 2146927 4224401 8862617 7338866 1881274
1668406 1180309 5039024 8798587 9779287 3216221
6510934 4376871 3751100 19327 175517 9017356
5058687 7729106 4674193 5307590 4066085 7974281
8829474 3938755 9177174 4144951 491251 6909027
5157279 927926 365531 3256713 8360258 7046697
1360499 4316041 3822529 7118948 6211227 3804838
8270218 572059 5671564 7055773 6078719 6649787
3323224 113304 4900812 8470453 1131328 3442996
8316392 3362385 5229722 3253660 3872329 7803319
3715193 4446330 4948152 1828851 8317551 3142594
3746757 8137834 6996586 946521 9979124 2455900
6601163 911982 3572692 396424 2380872 6969002
869739 1008902 3088766 6598843 7543740 5271400
1899274 1331459 2778873 5523776 3199138 3112378
8804642 7845291 535087 5231591 6352179 6272726
5564960 7422830 2839727 1828005 48162 1312683
4694372 1354977 5896635 7049503 2075480 9414180
3479635 6377517 5983245 5179113 7255295 1472372
826400 7943408 3283566 6253109 9085349 7488468
3238442 5424228 6111081 7961365 508048 6892111
4160968 6790957 681985 6300979 584759 7785477
1049917 1040252 4312012 3270574 1054477 5688642
6089698 4568681 5619879 731244 4398524 5309714
4624309 4989642 63277 9991975 1096090 406959
3923624 1799547 7972349 7813886 6484642 4211866
7213164 8279117 2226458 8330569 3069211 146048
5088777 2538648 3961813 5499568 5361138 7730625
6070977 9994472 1325649 8588001 3310342 6571390
2683304 4149131 6841023 1086039 568138 8081415
9270999 9137150 5465318 2695970 7156393 1765322
1210728 4444138 1410671 3495382 1617702 7064219
8363027 7498796 2905677 3929161 2230214 6993425
7733017 3941526 9035614 2032806 4931216 4928846
4687502 9510738 4490688 6257415 4262360 4367697
3341855 7371871 4151171 3116140 4116127 3951101
2572319 4720338 9701941 3158313 5475041 1087232
6644945 4222049 4126343 8511492 8829995 3881928
1686822 7783213 621145 1716853 75364 7965197
3877442 7521178 6272603 677159 4927090 3907290
2000123 845423 3180510 9784367 3257491 1260247
6245099 8601158 2982301 7534880 4361207 106359
1774694 5866986 3651484 628382 6185903 5704531
2371786 740991 3422156 4276741 641493 3413186
190921 5490331 6861795 6237924 3106219 5237775
1307528 3412616 527921 8315211 9194666 8111901
1061512 6847957 1701004 6631978 9229777 2592955
8958985 1529286 2746251 6673508 4549425 6875117
4753005 5160600 7010282 861689 5240562 9504629
5992514 6947110 6986794 305566 6103238 3308493
6555380 6794326 3416968 98592 7284067 2626756
7109425 1904873 1518137 6815201 9693802 6119105
7732723 2727045 2180620 248879 867304 9253437
2390699 6655842 1493694 9611071 6221723 8463485
2880407 2447574 5837547 4752901 2714800 8743595
2882079 1125696 1825241 6438000 8229386 3310844
5060264 2124840 729764 8098974 5276870 895476
6507801 1447780 2688987 3725801 6786124 3290229
7934871 3069652 9486295 3659729 699820 6706617
8688794 2625280 6435343 6026504 2064548 2507642
4144960 3231219 689527 9434554 639693 5439220
1975198 6540371 7645939 9228338 5137420 7047636
5170932 9774819 4181869 7142729 6529894 6164788
7495882 8448643 7354336 2999160 392172 58856
8212474 7805987 3946855 7496376 7688814 3012668
7939294 6716630 1796438 1126097 2155132 6015891
7224252 6129259 1538691 7414978 8461455 8559085
683953 682021 2185584 1379775 5263446 8581239
1341639 910414 8454442 6339482 2284817 433799
1113682 1838582 3249869 2208174 8252208 4829851
2770111 3709891 1099179 5887081 4231562 2663675
5433116 4613610 7657169 2408743 4264120 8425818
8054868 3495085 9930228 4410187 8489388 3982897
5353232 6245603 617956 3337695 3055070 6769027
2704979 4667390 5499979 6322340 2831021 4434903
1930700 8904024 814895 6036092 7600726 9314376
8748521 9731518 1755044 4228388 8987575 6614524
6232169 4441837 6303867 6189861 9686502 2452752
6044015 5550387 1365422 7420254 3859553 2965474
810196 4972488 8658834 4255582 5202152 9829272
5245376 30047 566955 3718460 2505924 4881693
7251664 7007624 8601309 6108567 801554 2214983
8193900 3812784 764767 373956 912563 43880
9514714 5955283 5095891 1784469 8775973 5992008
8960931 3762441 6932990 9791030 5052542 9883317
2243561 3425645 6144395 7967530 2661259 2260708
236760 4086732 2505057 7564059 1607335 1068182
2427522 4525824 6743650 4433208 192871 941714
9434351 5877607 9977817 9705158 7444960 8683593
8268678 4169088 2769904 6703 738230 1032277
8917550 423209 6811360 3114822 3987420 2671211
979440 1760229 207200 9242953 3309442 2386836
6931981 3347361 8694927 8505179 6966646 2929964
8532489 5190576 1069835 5037630 813540 8018255
9032959 106525 6294119 7325728 7805860 1350206
7591476 2942584 3790785 1766333 4386012 3897291
651250 2068069 5629025 4417416 881355 4462533
9291016 7315750 8778588 4450932 4959630 3640580
1433128 8513238 255478 2848260 4368261 3961256
3402023 2670703 5483992 3220168 6521424 5512216
4012569 6366096 8998559 7876784 7921203 8902297
107067 444877 7335233 3922990 9568725 5163202
3556201 6569337 9820246 1305306 9482559 2878065
2425900 552198 451349 1877253 1789766 2714742
5785852 2379706 482053 517910 698761 2322003
715486 1137959 783312 1103358 9906489 6096942
3343903 8957257 1106430 6439811 1797106 4136882
3451466 3408466 1878540 568087 577586 1467498
4821186 8004667 1675659 2225560 1641848 3439219
4940208 5354261 5645798 7109603 4381531 350953
5887138 4306749 4741127 812152 6174423 5382603
8451309 7987343 4825945 519780 6927663 524259
7322408 8701039 1649192 5818030 7867535 807270
9024138 9497538 3633513 1524873 9639196 4816901
2858355 7315830 21794 8783807 3389587 4837452
905374 73176 5835177 8234643 1605395 8245734
3095718 8297703 9941420 5824809 8642619 4371724
9697354 2665821 4760195 3602308 3884387 8360348
2781511 1844205 1356984 8225729 9416290 1754190
5480180 5966264 1596326 6732202 6620280 1445741
7082166 422350 6240285 3458065 5085862 4415686
7181669 9142525 8408575 2870661 6363684 3918747
7732753 2128701 8917838 9967148 568481 5846615
9757311 5480448 8753213 2605950 7554890 9290148
5424642 2844585 7770487 7361809 4315316 9716856
3875947 2114886 5604491 7751375 3991977 8517849
3214074 4487616 5058459 2593662 2617006 4153720
5478810 8760705 5849075 2699862 3962997 5504186
3175480 4340067 1708030 2761555 1705202 3278805
6446358 2532690 2488382 5068485 4989617 7296797
4593946 3291537 1833398 1792976 4711116 3463554
6515284 7783224 569277 211683 6694463 7323725
3732128 8396771 4969634 7772536 371066 2379219
4315327 6789963 92570 4064855 7214678 9629753
9855386 7065805 3834677 9793890 3835374 3045147
2083990 7615223 7256629 5251508 4358856 1641932
7039391 4066732 6713100 2624936 4195327 7106490
8099093 7636896 329794 6867663 8694830 3071271
5503825 178377 6521445 8218154 1784760 639975
4214824 9116066 3655444 2698491 3352281 8711065
5841952 1695958 9639525 7663575 9077066 3439025
7981517 8593141 270221 6206125 8752476 5752099
6884507 7665670 3524715 3083696 6584940 8620000
2053441 5963847 949897 4235537 4602950 6406156
6705587 1031863 223276 1261394 7022648 7055608
5907677 9733725 4448604 1833053 3765265 5091807
6718900 8842875 3672753 6576043 7753029 3556984
2760411 2169280 1155865 3240888 7871175 9429699
3791429 2453893 5924567 6933796 7853429 4938244
9198405 2099938 7875252 5951653 3866375 4486638
6310724 4253848 7148846 3118712 8079386 45215
4717949 6005864 4109868 5063703 5374086 8045514
8135594 7188924 1433135 6080593 2562772 5086326
6461085 957356 1430759 9472236 5447576 2355549
8902793 5790659 9771979 251420 192586 3519012
1207952 4915596 4194749 1703087 9705403 2394654
3919852 3114916 7582626 5812367 2561409 3498735
6752566 8967786 2817108 1516757 9202319 4983567
3311327 8295688 3575237 8905270 1318941 7358254
1962609 9312425 1986801 4437478 7030293 3928817
2337708 7939679 8272454 9348316 980703 8126390
7836539 2422979 8243858 4136701 8358000 2761804
9052024 110843 2690350 5380184 7851072 9438341
8348451 4979770 7814187 6290749 7143975 7026580
1264940 3028605 6046093 478645 344935 769575
5544128 1576651 8566875 8123047 8131506 2424129
568697 3579617 6972469 2129055 5680875 1584864
6143117 5726255 7961351 8817058 9296683 3535383
4767263 7301268 5737058 7086504 4220677 9295040
884499 4851102 4913758 5958906 8283419 6773460
5598923 8451508 4558335 8496384 5784955 3414691
8257627 1978507 5551518 3226405 5319954 5020070
2140281 9839017 1469285 671945 6692068 9299511
6812038 9150312 9630861 833820 6685420 5039983
1820336 104197 778407 3186677 7970068 1009128
8402747 9120930 6308974 2467117 1392562 3565181
662266 7681940 2917630 1700565 3041678 620381
7072794 1687884 225258 6188600 2326929 5189963
9430497 4328567 5067396 3100032 7076373 574465
5343158 342121 7225528 9501485 9701910 916335
8351112 9521193 8760290 660677 1993920 7064407
9652290 6788874 7490552 1127745 237069 6495179
9963363 9931622 2605434 7976700 6919210 9207424
1712000 1391246 7922075 3561415 2546181 260551
7163867 80250 156488 2041298 1478731 3661546
2035872 2163732 7924412 298249 4621215 9546063
4064622 7562777 3144223 841187 6138341 2429333
1414145 4918128 9353112 8356677 7727245 4262261
883502 536346 191276 1015876 247121 1336818
6525476 5218764 5242792 2784968 8159237 1002925
5306289 6166727 9646282 7360563 7881970 2792907
2431128 1957991 6094585 2751894 7012284 8002098
6471601 7595977 4563079 9509603 5601669 4905461
4696061 1017333 5570707 260056 2535380 5177410
9809105 7190074 4129057 6319588 6498767 6311586
3931795 7571045 4753141 28269 5394309 4413155
4496679 7088374 2638727 9842236 709618 4840586
2360046 9595027 2466234 4594418 9191365 8388204
5819231 8968384 1427129 9059381 9289114 8132964
6404497 3362666 3926409 5192051 965707 6635320
7806823 3465939 4273737 9837963 157196 6458793
7712779 9069123 1471378 8995137 5957675 1050777
3906850 6680461 9723913 8741594 4354384 8755333
5385365 7995790 8492101 9887293 3386810 3173434
3568407 3226494 1546663 3031530 4861976 6087206
9694983 9469577 6021184 6752683 8677467 2499956
4132309 748170 8275674 6275356 1780369 6235559
7775129 1371360 2619845 5298068 509335 5786825
4706815 8715039 345109 1578480 563363 3433352
9487085 8159020 9843376 9515767 3583329 4388867
4694675 7146254 1629197 7497096 9950905 2196201
4261337 635361 5684845 3372037 3032236 6345177
1403521 461696 855596 584016 9351288 6201417
7688678 8167743 1076859 6667209 2011857 1509230
4314994 5347076 9470338 3912579 1506312 8497676
6595430 3064698 7521954 2679798 6222855 3944803
3719875 2887761 648131 4292655 5905763 994499
9275031 466171 789238 4326898 8612320 8110525
935628 1695451 2429300 5329828 96930 3337855
5012910 9894961 9923141 7403452 1768653 7897461
5434449 6235890 4311921 6543921 2082783 6291173
8075094 6369404 2828255 7405208 4000652 2401646
211628 7850029 3273297 604190 2633287 3700253
1305040 6259502 2344830 7503528 1627178 6460555
364671 1260875 7588902 5700546 5411752 3923886
8011763 1939620 6140999 2395247 5569684 3718684
951711 3023919 7572860 9284076 2427846 7364711
2506381 4469396 7017289 6908550 4139895 2611985
426477 4548422 9579628 4975301 5612127 2815180
4373352 8237729 1832706 5336276 7653508 8093938
1915424 2573105 8614389 953833 3542652 9394276
8010371 4802195 1999661 4325051 3382652 6111603
7248755 4387624 4004302 3995459 1636866 6545551
4855806 6973214 2721158 964394 4924522 2421810
268914 7417367 8519343 5719452 8569540 2351216
7432444 32263 8834658 4804901 3117552 6041462
7302272 680280 6860883 3661877 4644726 9585492
3031415 2316505 3022077 8751880 3865810 2946540
3300271 1329874 1466681 8312780 4595085 2941347
3456641 2299163 3224243 9779994 5168126 3393877
168382 1102184 8716803 6847167 928984 8698301
5832454 5624048 4727110 8271454 1515485 259126
6870551 7996261 2236099 4467093 4166453 3121437
9447713 6158931 615234 2742874 6227120 9645552
9980682 77837 5975320 8721182 7478735 8650759
1196916 2026217 5984738 4105821 5385130 6398647
9668907 1026899 4891257 1806714 8301425 7490001
8611981 430198 8900489 9014925 2254381 347083
4085886 1486229 3753046 3060060 2816566 1722607
5233030 4201989 9317398 504550 326336 1618521
3272982 4385888 296744 9671771 7783623 8772995
3999140 7452646 1725781 5883765 1575485 3002641
757837 4580399 2064422 7798810 8281098 9829805
8401283 4691292 1846164 2047447 2039154 6805686
2297717 9086501 9928959 3815694 3808984 2469950
9610684 7751991 6654050 2756883 310526 6522054
7054552 8818363 607457 6637628 871840 6094402
5679902 6722744 4032858 5621752 7307851 9469472
5379273 6720819 9413372 898473 5450577 8680103
2460029 5929401 4182298 7082269 193852 6114153
1829143 8905318 3145657 1162060 5441694 7265214
3368611 8468713 349434 3782900 2338856 7058643
6661421 7612348 784533 675564 576694 4458914
4587446 9097519 600266 1686180 4204053 2041780
8729269 229298 7276132 3970367 661339 4823832
1896560 5123958 5830981 2801430 2019662 1012325
9970517 8619779 4503198 1417239 7825183 9902720
8956206 2489861 7381591 2079033 8583768 2204011
4925781 6820677 9686241 4836991 4598836 4083585
1473831 9165638 4817869 7619227 9566020 3718100
6486934 3375439 9203546 6154113 7732340 9194413
5095261 8017090 7867937 5209401 519461 4064355
5597993 3717505 3167606 8597475 9158943 6428553
9826135 6651400 199282 5916533 2722849 4002061
5435021 9339090 5460610 8244447 4528638 4778486
3626244 4957738 954750 365505 2660307 9246402
1120698 5838385 7381742 1040470 8673746 6507667
7380249 5941035 1832814 8739741 3777676 2592442
6991934 5654186 5913200 2354300 3397261 4643052
8686715 1594703 7973177 4507746 2135280 6929557
1734034 72541 6885668 9226568 9828672 1970446
8353093 6668832 9595879 2510426 7011368 4686020
1862708 6367999 7588053 7682327 4832895 5915960
4914362 5921580 6554597 8826855 9317254 9989498
6450854 5402159 113447 8381055 6386651 7449602
5033546 3090557 9007255 5100822 2432538 7308924
9654160 6324994 9757333 3891261 1475216 5537840
5433585 4071039 5466334 3427745 7154597 179386
429081 795946 4304172 9478031 8343936 5030126
9000053 5241514 9034524 7334323 8681335 8678277
7215147 6535020 7788796 6001412 683032 9977754
5890594 7601169 174140 1145363 8812203 3846541
1660378 6870590 6281651 8403855 6725879 9417700
9631041 2587389 3157710 7066988 8165690 6738414
7384716 9854982 5759277 8894253 1547577 2864245
6085379 5336459 6151495 1259755 5211506 8599893
2945841 1854079 4947945 5760542 8537595 7061314
2623950 8792219 4864157 8583326 3486208 8470604
3155931 6916568 3060330 1009483 9478314 1788790
5925448 9560781 709905 6902442 180082 46624
5146250 9276665 65650 5107934 6670052 1652508
9834811 259058 495466 3299246 2939270 8352726
9281990 9513128 4463050 8916899 8629124 2411179
9637969 3331069 6897121 2038454 2438634 2630178
8697708 8547791 1789225 487112 1679460 1277250
2861115 8766013 8227994 7843643 7224626 1042120
209568 9711372 5416053 2414696 3997388 5936530
4621246 2842305 551809 4472974 1668590 9768674
1057342 5853462 3215400 7547036 6470244 327966
917359 3691791 6643663 9775448 736915 7375953
915774 3997885 4183053 3739632 737841 2674323
9848179 2911370 5281358 103403 7641071 5094847
7019191 4227316 8313980 1132897 4075653 6539680
9811655 3714447 6937294 5186808 6687363 8126708
376254 4083422 1467430 2910303 2850856 6012887
6358720 3129836 128037 4877147 6644228 9420977
6089061 1927473 5620611 8954847 6469250 5635137
6764507 1098017 2068449 7084632 5892956 9291910
4109344 6498882 3207728 7835192 4757798 5779399
3979131 7307760 585790 4683072 424198 5728095
2615457 4056725 2178774 1554095 3293304 4524272
9141338 2144034 9310948 7437485 7835846 4029625
2671301 6172625 5920992 3631867 6797324 6323225
9743244 3490649 4987088 7985181 8469637 3430026
3813008 7594914 2196890 4374823 9998434 7387792
9857683 6173944 8970124 4131400 6780522 8559633
3565862 2105820 2060055 8607182 1534603 9103197
4536712 6456168 481788 9524106 2433867 5214173
251664 6542020 1443460 2970359 3885011 5386109
3159391 1828067 1142206 9428638 6064665 8394740
4982139 3235055 1105802 5222286 1475390 3798778
4841371 2116153 6693652 4737282 5970983 6767562
7792420 2217408 4639253 2959390 496170 6150222
5896001 6921787 423852 7760833 4167812 6719720
5907484 1639098 3047697 4890163 1933267 4544750
3677429 678669 6789108 671064 2718128 7225997
3323359 5084772 2620419 6387790 658235 9266800
5216320 3014389 9471574 3819416 9565785 8353237
8737228 4273309 7296953 9651517 5855904 16303
1876902 4803906 720745 9816744 794347 4101309
1865413 622951 5344405 3525550 5799266 1445136
7000063 6604107 3704420 4717177 8847038 1508835
5855861 7113132 7424876 5709278 8440193 7596395
8533870 911012 3455586 7186527 8587939 2141521
8212616 3175861 733017 9380591 4382167 2928140
9167129 2746366 3959478 9125657 4366720 4189104
996283 2819428 6003320 5825536 6906139 1552552
3379114 5210211 2301673 2290982 8161163 8099671
3990840 4055247 98647 8646667 7466381 2233083
5896537 5022633 2238064 2380486 9857515 9450077
4039467 5596404 1979229 9198279 7124196 2838893
2596963 7737296 6813207 3461565 1920626 4854322
207556 6047864 8163938 3463367 728076 1012200
4712435 5098656 3307009 1855481 5182761 7516496
1895629 2706493 5443714 7467077 7862800 9549350
6089724 4857100 2820171 9353829 1204911 764708
181431 7860321 8145755 1408812 5565423 9456534
4436413 1825402 8201983 7285344 8193041 3184460
9111233 5399126 139286 6027978 1526184 4797832
4217994 4127001 1311052 2326202 464200 424346
6631582 2434998 4971346 6172132 3116111 8815359
2826275 1714246 5206793 5480671 6364865 3096115
5976829 5371319 3862549 6182835 2287452 9246497
6195423 4253862 4016125 968415 692110 1799122
9510491 6764948 848037 3631292 8294317 7096426
8380724 2642117 5025987 9749510 1346082 2380480
3816804 2745391 2320292 7435467 6734133 1504264
670133 7373630 8043020 3201331 3662051 6249335
47015 537227 8578025 7137771 2401862 4752259
1207862 927750 8633923 7066698 5681916 1052228
7360054 147604 2957519 2759260 6355590 4961699
70355 7434917 9451837 5840190 9521324 3278534
7865792 1426765 9105358 5430695 8670128 7725488
7186940 8970698 2589808 6733820 1366314 1006774
5562348 4983482 9479517 9581894 7065595 6184730
8065348 2295998 5021619 5761443 8898703 467105
3168286 3732650 7505203 1429529 2464875 9715207
6241290 9309295 9743673 6985645 6039818 8891563
4030530 9476023 7404924 6649534 4380216 1916857
3812531 3028315 3402761 9195824 1883608 3712113
4252849 1593243 3146400 8904942 4220177 8208709
3808263 9294934 7686564 3800951 9080276 9608429
1896124 8609805 9872651 9510363 1346012 6845545
1232674 7374045 2252927 8441130 9236911 8509988
1922893 8642887 1712839 7717309 6576043 9131834
2873185 3215276 9446133 7970998 1562208 2295162
6264012 965604 6783976 3974558 792255 6246944
700250 254528 9970827 3575790 7712581 5031990
2022286 2274907 7146681 1471451 3382274 9444889
1924530 5950233 2818657 6156942 5727663 195404
4288521 2058938 4014786 6258144 8609747 8803152
5988791 8203857 729872 5929781 1671770 5968331
9207889 5492224 1895311 572882 4067631 4271519
5945076 3240485 7495523 357072 9753820 7379933
1905491 351594 8188082 1852493 1237400 4335599
3108294 2520689 9298708 4865979 6389115 2419971
9870295 4198718 9033417 4508274 7450577 231537
415372 5743982 2532241 8173361 8418385 8119659
530841 594901 1251645 3058237 6586141 7981877
2655557 7526043 6600426 3845489 8673776 1273114
6055441 5524273 8862723 3629152 5222025 2196488
9885526 732426 3546370 2847560 6056325 7847707
5559452 9681165 7858538 6507568 5933804 5274081
100463 5628842 9716719 8110739 5599889 3802002
344137 4173163 7707582 761375 2446599 2410063
4574591 6449684 4585851 1065066 8388636 4396765
5986676 9545578 9622182 8860861 9804806 2333622
572297 9405784 1598063 3342759 7151321 9592708
1660819 6088626 4724188 3993611 2367997 1208472
5100204 5729424 6084310 8538043 4113821 5879236
9239886 6810919 5610765 1014166 5657551 5422395
8077662 8451241 6162027 4083943 3939536 5859207
2530169 2275327 3445404 121341 7602207 6794462
7474556 6645022 9541654 5073601 2833994 9844750
1112753 2412813 5058154 5175710 4229832 9594865
9248783 5712091 1233134 3191650 9786893 1342714
9813378 2998816 5104253 9738846 5930573 7849596
5989075 7185173 1136607 8128826 5356248 2939922
4628364 4320791 9168494 387083 2760944 4497150
3974547 336643 3662705 800178 6703732 7514829
3361277 4741834 8420755 1670505 3300261 4055651
952952 2164500 815390 1330574 1232198 9654983
5723720 2292865 84726 3157085 4540462 9008348
251775 5417300 462608 3560567 5394677 5481957
454405 8159165 6800105 5666921 2927705 963818
6950328 762762 1462940 5612309 8293983 6703460
4312035 7774194 228171 431861 5316560 9464686
5258595 939818 6964809 5522491 2628631 1567809
312078 2620458 3531302 2393404 8883236 1507734
6003638 6068767 7100645 5773174 9037230 9873207
9311267 2573790 9646462 5550563 3858811 4325684
8012143 530718 5188400 9218963 7602780 9383497
4668474 6062529 8779891 8885786 4595754 2212321
4243217 151671 9363902 7981988 1674210 6081720
2526533 3828017 6725048 1508477 468944 2250547
2050551 1009422 9114585 8419661 3438299 9315512
3050423 4347196 6133907 2505096 2976768 2719250
8866725 487260 5885919 4069908 7408097 8370780
3575817 5775185 6526804 7719179 3558322 5432995
444132 1808655 258981 1097882 6741987 5883505
1006390 3827163 9465723 6308097 6877440 6300964
3759485 515171 4226663 348382 4401012 7277863
4057220 3881923 5944239 3409218 5470134 7140546
4675505 5007333 8365142 3634100 9555014 2629385
8008959 4484150 2290504 5034585 4740669 1483658
5562120 65968 8146200 4189822 2711159 5364820
7600881 3557904 9717770 874560 3520165 6045910
774926 7366477 3058439 7294876 2345433 4992945
409768 1871641 2548927 158136 2237816 5078606
2530046 8432725 5900157 1636590 2831021 7792666
6663473 1513831 6949149 5696532 6655104 5631557
552222 9819267 3936126 3378561 257628 635420
2262101 8468819 9985459 3886085 9644395 7222528
1759398 334455 810652 5309827 1083082 1851329
2021044 8176461 2278518 8815013 7188614 43126
3002806 3756624 9067055 2481951 9152321 8400835
1885140 8890779 5931965 8325970 1297340 5862656
3609406 3757426 1214473 4579724 2973252 255133
4440061 4513135 1156299 724653 3295827 8535430
802903 6847157 9338530 6083584 4483005 177672
5464539 694706 7612496 9126295 4733463 9207504
5549110 6884918 4506205 6698859 7079343 5339605
9059642 7032155 6425264 2537325 6494084 6466187
6878196 2400007 88096 4011289 8406248 4272575
6324476 4039315 3328946 1948931 1456483 564599
830640 6808519 9370399 5442073 7422683 9209823
5295161 7641921 9692311 15641 7943510 7895487
8558548 5743814 9937042 9163378 6373542 3933159
6355807 5959318 1075720 6602234 8829161 4469610
5404556 1207877 9111162 3745746 4444796 4400292
7940262 5834740 8758433 9890019 7996326 9574849
3711523 2383867 1104781 8870948 6108504 8790115
3436669 8849549 2837578 6136968 4003751 2891590
2557806 7722531 2981538 725768 5401643 6396516
6069374 7181680 2064168 6879096 2581080 4219164
6293920 1724747 6119897 5983537 8767534 8746847
5073441 7596808 1476399 4613963 6636198 4873782
7486017 1875666 7538247 8025213 2927849 8679486
2514577 99313 2189803 6155987 8200304 8735791
3986757 6220551 8780964 5705840 6394354 4242390
298076 9331494 3369751 13554 9572240 4356492
968626 9908479 2993549 5142884 9137880 4606946
5436051 4288613 4057260 4452740 7349558 1532241
8811003 8277732 1490403 3383678 2152524 7099206
4872989 6234731 736522 7424421 6303642 6160164
700490 4953416 6843833 7230427 4308248 5911494
4003478 6465221 9708990 2172210 3214681 9734376
6247096 1062941 3407940 5527263 1187488 1341155
7474555 6365327 6597803 8821712 6957715 8331560
429317 1808728 9945140 9453784 7760155 7754062
7316884 6960744 7945730 2956670 1092117 7379251
6670864 8242145 2269642 8586455 159566 3899287
3359550 6739031 9087636 680953 4932187 9292060
5539025 6501001 7715748 1981711 1510822 3702873
1294141 9580216 259592 1706351 8337321 1480593
3617774 9469291 7621513 922825 3352694 5630246
8099896 919027 9233798 7011601 9796951 2352498
6827482 840461 2441495 5376904 5609225 3191872
8694274 101104 3123012 9040988 4608154 8724332
4401388 1453150 5251948 6437824 4278591 5012634
9322993 6623352 8572837 7050117 858139 5148035
5108489 4169515 6379140 7316610 9052947 4313166
5116503 3389120 2210401 874214 3481376 9006830
6271442 7788395 8203841 9794133 2370338 6135900
5733700 3359906 7657634 9330268 858329 5272518
142772 8943581 1134847 6860683 9477966 5428334
592475 4589526 3685825 7367000 4891133 3364674
3512556 9933657 7627203 6811628 7463862 3420206
3409357 968320 3022160 7276627 2088149 821463
2298439 1206752 8340779 3022677 238085 9413014
2753559 8358693 3704502 4947477 3540437 8966551
2666824 2445707 3471333 8660934 1692188 7812532
1597781 3382745 1535650 844074 6957362 3754226
4321640 7422348 7123217 2597731 950675 2237977
700559 2686772 7487880 4926379 3903514 9765281
5347396 9404885 2583503 5193666 4329187 5442400
9206173 3600058 2548422 3872462 6568299 552680
5496478 6374916 2616974 4883182 3747441 9155656
1570185 3324507 7792226 2498491 3086161 7211828
5589860 6733933 1918856 651164 5902504 2048954
3531182 8796165 8830444 1223635 4878120 8219424
5837608 298164 8330733 1560138 3363995 8132638
4697600 5082702 9796375 9071715 1483675 3377671
2343910 7892936 4549546 3811420 9710446 5030885
543647 9732640 1688905 22020 5776371 3261068
2553740 5033570 839795 2885347 5589081 5875881
7543433 8070527 4150622 5529022 6107761 3000728
1839591 5003507 1164749 9381401 7633343 1605053
9253782 1895038 2707351 9992438 6597862 7740954
602279 565846 664571 8612831 9718009 1631194
6929146 2214078 6968014 9697070 5920192 1278982
6286635 2749523 6030354 2847051 1510550 5563842
83075 8057209 5089930 2500428 4383567 1577279
1787368 4005051 1964124 2568182 8323660 4537718
8992362 9077230 1972708 5440371 7848612 4126693
2751912 9535734 8983655 705704 8502409 4298776
6155547 3317075 4756068 6773272 9316252 3413463
2132608 4024592 8972363 8418745 4020599 1593742
253527 1774269 900337 8194010 9569918 3538925
3846377 1460295 2873559 2577937 4432107 518752
7113586 6597933 8692548 1838986 4898238 9559856
2025885 1414756 9705906 3651120 3924490 4086253
9987376 8605789 1042511 4123005 1225629 5658875
1645431 691600 3605420 2930980 5093669 5739014
1409334 7747547 9929812 3066937 180620 5326401
6911706 6830087 540884 1477206 4107699 2484115
8579853 2804065 2537293 5776719 2355032 3418165
3325254 3684998 5554273 1122194 47770 8048488
632985 8343784 8817313 5536510 1158265 1050951
3339319 844305 6133949 6901367 1549987 5858595
9777381 2721722 8263782 8325279 2263940 4350430
5082934 885446 7820753 9904959 2763617 7303472
6473064 8605854 5015906 9958868 8919963 1943442
1141386 4227932 3893771 4028310 3322116 9858724
7682367 9422181 3970192 8264803 9646963 842262
6576888 6623889 5748698 6358885 6815592 1461270
3831027 5697399 9980196 7157021 5113080 75419
5041053 8204947 274367 1855512 7975616 7023902
6892191 5024073 7675308 2446625 5627368 9150367
3584569 1394175 5934339 6608055 7817157 546416
4901157 5634178 1475996 4546788 3142184 7416054
6835784 9029118 4055564 2025188 3629285 696618
6302309 3088786 6537574 4554688 5581128 2531751
6079621 2808776 3761457 5898026 6616181 5176917
8383225 5343432 8501918 3178403 2721496 6558818
8844836 151976 5915 2941829 1740494 4125072
7626431 9483486 4207929 5910679 1692941 9272376
8621256 6319772 2265472 4250360 6979785 1273437
8628110 5555468 7450712 4468516 4963275 6070356
5122648 6305937 8760748 1001372 8357009 8276882
6102251 301878 955957 1997397 9351839 6327923
7511723 5220187 8598071 2555023 7698675 589001
5455877 8094529 2298354 118619 4554276 2424748
3148405 9857420 9676530 8522705 783032 6580345
2912234 9891368 4712242 4055698 4885043 9131630
432923 7058219 9197424 6837774 1414641 6383496
8271044 6043838 4655351 5439208 2715809 9649634
8317502 810744 8932038 5825807 2346879 3368603
8656926 1034255 2720418 5167407 8732760 2863491
5234019 897517 9852811 4993440 6425176 6041637
3139788 4569266 5190929 7964714 3311002 5383792
7353393 6762509 1819119 4365600 6069853 6609737
5362434 6467903 7928178 4476977 1886908 3422125
7553749 8409672 6849397 2681793 5280735 737308
2551315 4679232 8987206 7888969 9374183 6907570
1282827 4620267 6570661 6085790 6636062 8880907
4838138 2031654 4357490 7544001 197056 693404
8928780 9503862 5126889 5933335 6036483 4454715
4083170 1172181 9203055 1617393 6924526 1866870
5149722 2783689 2959811 1976876 6775203 6618574
5733523 6710510 6586231 8385442 5651124 5867350
3116127 2406176 8921986 8744180 6939724 4844301
2240846 3574436 5682930 1106455 6932439 1120538
8424431 52140 9627403 3951757 9694264 7257043
6772637 3589267 9625468 4593814 2222286 2535977
3727583 4004880 8398184 2096174 4741327 561560
6391185 4823202 2202492 6448001 4615032 1129304
8540760 4580653 3574920 3755862 5188388 1574374
6035464 9546092 1319833 6035031 391180 8678343
1210986 2044108 5454978 3664015 57535 7679555
2328034 7497273 4614754 8445156 991537 7477628
9902676 9309872 9993684 541320 664467 9023841
7844748 1854649 8115573 3765997 4935010 5705950
5553867 8903545 9537039 3863629 3655091 9338222
3506152 4726285 9689436 9010530 511547 3741099
2903102 476011 8466945 4497268 7112063 6281523
1057908 4592486 1501890 9813327 1885400 6713224
6548256 8591386 9877663 6862351 3796370 918130
6230198 8917735 5526837 4223739 1197590 8017442
9657021 2243839 7236495 7616337 7627816 3200027
5732435 3186224 1877067 6759160 2777774 4740927
3258268 1282620 8660553 277330 7358720 3316921
3300623 4456146 3375131 9399726 4969919 384432
264678 1052425 5937570 3450086 7011447 218331
9021715 4425684 9357551 5962307 2745545 9485445
5296204 5948669 5129592 1765973 742250 2938909
5960284 7063523 492993 7634576 1713816 5753540
1790127 2581603 6104839 7906468 8154068 1388160
5664624 5343965 7990020 2152730 1826464 8863424
9452551 4215075 8521761 6524770 3511288 5936049
4226860 355986 3239433 4669284 8707181 7327405
6444994 2700377 7326259 2245289 2320588 216017
1864436 3590806 9820487 8913159 6357006 463105
153082 1443596 7779795 725623 3421863 9610574
8962101 1190854 5425183 5678249 9388264 7747102
8129030 3451412 123089 4083786 3429998 5949046
6419144 1745134 1645161 9919054 2117975 3353853
7382593 7657242 9597525 9823681 7375757 1133433
9565701 902061 7896342 2834910 6714511 4022994
7878000 7914046 2378606 1986276 8354561 6403764
1052630 4003060 3837270 82205 6581774 9497247
3761081 642410 4070522 1573656 3357671 15862
638634 7827143 816728 6744151 4034095 3684103
742007 9331250 9698236 6941388 4411653 693289
2573832 7850314 305716 8033715 1741742 1620263
3136290 2403388 8876841 2731621 8592056 5423621
1774956 8553183 6402530 37958 1210275 498486
9326365 1436442 8430134 9422483 9975067 9017682
1302273 909955 9151479 4881584 7668555 6659864
128047 9393545 3498615 403858 3143520 8506192
7683729 3502381 2049397 3475150 7198228 1852217
1448758 9162305 8718610 5914436 1577577 1473738
4008595 1701487 1506312 6167093 4596933 5078850
5187680 4961350 2480058 8290224 9667674 5617915
3221693 116499 1322955 1258214 730652 1907058
3588346 8726249 6465516 7644090 6834921 9638709
3537067 1338984 361845 988251 513743 2265581
7227181 919649 3016736 4921869 7411149 4285950
2250491 4238702 5042151 5846586 475690 5442774
6413797 1589090 2720175 7430286 2733594 7940887
5468772 4600247 4190066 220792 6919189 9023442
351073 5716212 3871848 9126340 5985932 5514805
29039 4006125 5748263 1330293 8925756 2706252
1759158 593629 5262521 7130331 5653140 6159345
1078043 9014068 2044431 7684525 2703043 3548519
8907333 895958 9032964 4109685 6836775 8704500
1503910 3563010 3658439 4821589 228706 4365258
7237492 1985255 2957463 7348287 2792287 4769865
6558493 4168965 5733382 4313910 464335 1539524
3510058 4354022 9917518 2382722 1164475 1139709
6562082 5098599 1307646 1072756 1122590 8987193
243895 1232269 6064979 1249625 2386258 9349927
1893521 8282794 8560985 4587801 7550249 2984524
1679212 4277160 5086261 6623335 6860927 2906120
7464651 1591222 7728124 5743614 5413871 3456973
515014 6509271 3795943 1788037 3504283 5884658
5629503 4658178 164506 3186801 1218837 1501319
2651397 9847923 5234011 4413208 3030093 765981
2410204 8076407 1629106 960284 6425871 4260405
1492252 9556602 9792269 3745661 1041100 1087148
4964126 248607 4501775 2182209 5962112 6100754
9096293 2958298 2321293 6197121 4221919 6215662
6144321 2788885 8775315 1870196 4165652 2782072
4786196 6388309 504824 3757785 3253594 3674541
6445475 6129547 4041213 7915325 4411084 126489
848431 1671112 6331934 6196622 3939510 4728511
493135 7928717 7354199 8177681 1943541 1843486
7716734 9316363 8257022 1572590 6789627 1975834
8136317 8045020 2916167 3871285 7144215 7386437
1018617 1984920 3200919 1139262 4464250 6058947
7447706 7871322 4011096 5679880 9307796 961165
1199854 8544885 3731334 8119615 3621639 9443418
6311923 1846290 1004976 7245313 8805359 939019
4022125 8750050 2863012 8564496 5306167 3563220
1702882 1393850 8008599 4451049 7859763 7733198
2210114 1248813 7600321 5332122 1643015 3444917
4708172 6060525 1143297 2008358 7968760 8079579
4317123 3019442 8548605 182532 8634538 410582
7890385 540533 9011500 3927333 8371753 2337044
6115097 2433299 6498775 5402380 700486 6169438
3048885 3806577 262623 7692085 1375168 7539355
3640117 602444 4784382 7365457 2356942 3213353
5107717 5268476 9786199 3344653 1111185 6744306
419866 2771312 211570 6038456 8123692 3910782
1104343 8003588 6269853 8584111 8256125 3561313
3630263 3227987 7892692 3387457 5199074 7660114
4546288 3796387 5398634 532969 6827980 2978096
5757343 6929930 385116 9539300 6273790 2719201
4000242 2648 2597296 4325958 7619537 7970270
9426684 9191610 6485214 2310033 4380080 4033912
9430526 2022256 4595129 6979760 2502308 2299851
8761162 2269322 9754490 5389150 955082 2814341
3931072 7094146 2810209 1345955 9824548 7590325
6860706 4247613 9565860 3740688 2529386 4511971
6840913 1591201 865547 7307808 1746570 293728
4859338 1183375 4848106 2938943 2321494 7047886
1230479 8881570 6322448 5037793 8603402 9782506
1956160 7487254 4089374 8381790 8898913 9836352
6200249 8755985 9366889 3232717 7314746 1275431
9935242 4250477 9568298 6408781 3045491 4289218
3968759 6912904 6144959 8788987 4319082 1231870
957654 7913507 3562378 5504808 161236 7464131
7974991 5704765 3024034 7809873 5440259 3907523
7224938 1492340 3475425 9102354 6863865 6728479
2246955 3900643 6221091 6034401 6376820 8293665
6122125 2140167 3734095 3606147 4463210 1897452
598449 8554433 2281633 6813889 7059623 1305163
7878115 9770258 7618896 5570642 9679769 9108766
5967336 5789881 7335319 5276346 2943038 8081655
295503 2700093 6610705 6202646 1965323 4902074
9231360 3422908 4170340 9935022 3293417 6194389
5047360 4291029 2741526 1086005 7632338 9878524
765564 3327202 251738 9991078 8973314 6916531
9406274 4570755 487522 1175262 79687 2906106
1439156 4176193 66027 2912297 3858254 2928220
4448204 3965529 324091 401678 1916422 1383666
1484627 3327592 2493367 7883119 5626355 1230588
8763154 5854163 5371381 4895079 7002587 8033641
4337191 5587062 922417 1408069 4428969 2725620
4455309 1533361 1063716 877921 4411576 2210650
5513886 5732750 8418128 8250891 2366676 3160717
9401521 859836 2582371 7093715 6463156 4951693
278951 3848918 5224082 1210565 7926442 1580572
1101215 9835075 2554328 3209419 7586035 7859051
3879619 1565691 7917018 9479596 7306001 2318749
220592 3233351 9772637 3620331 1810188 7672465
4042014 4337461 8410467 7104752 8755126 8944808
5567466 957670 518495 3838443 394378 3707414
8603238 4878912 3547779 7620890 3226869 3086078
3433249 5220015 4375272 2201647 2639827 1040528
3796874 7766666 5685586 5195550 6652470 5292457
8772960 5140241 933761 5293241 1495471 4923472
823348 5453105 8619153 3965211 2537591 2940766
4113305 7746973 507128 3316987 5378439 2006301
8502665 8745866 6087422 7993609 8879537 5213844
1257269 1782004 1175307 6493238 7336700 8112247
1119211 4237947 8616033 3722536 7543480 5339190
8001000 7019531 6235587 8975489 7496809 5279392
856531 1760750 7645838 1474055 4673978 2232210
627087 9354096 2163456 1060267 7815971 589294
5032770 1149909 5717662 7337574 8720893 1437818
2429820 6607898 1577746 859432 534984 4832341
2265616 8892375 1787600 1185132 5301721 2751171
8923054 6817384 2837245 4020736 2913920 6490656
7143479 5671241 6080558 2068117 4073947 7685326
9259856 1962617 1538234 4354843 6488051 7931745
3799579 3103052 4843688 7805306 6596827 3386748
2174920 3249045 8238380 1795164 8607461 5684973
4159460 464025 4280828 8603725 7872117 2491806
5389490 5258696 2899281 5731091 3146119 7019904
945930 1985 3887531 9645088 5768114 174739
4267003 660345 629527 5487171 3823902 5331621
4462347 6137753 5059478 6285571 5920357 6617131
6345864 4764040 1849553 3810825 211243 6888255
9512230 4099888 876054 2876015 2525548 5147039
4248278 8464925 5467863 6386596 7331529 5152461
2241308 4023186 9044987 5644004 920233 5792806
2896727 5363835 2333509 9103271 805321 9190044
7645332 5692724 7888957 7747578 3592444 5711619
6054932 4183311 1074040 1684390 1985547 5488430
436021 429051 3810021 6208047 1185372 1135168
8352869 881478 3329275 7752217 6741831 5220084
7996832 6343669 5198955 9675768 7893240 5343964
5787497 5226507 5910138 9617843 1776435 9856402
8699573 1148285 8120594 7484922 6986262 198043
3809961 3488548 3496720 6079429 9106132 6094824
2094761 9535645 585277 7743215 9913170 9550155
7253839 396519 2197653 7202743 1549131 3083817
8785896 4882070 8643568 5982981 1703769 3730042
969415 3674344 6152620 7272387 2646454 6385269
1291813 6992989 3384365 5490524 5062756 5520304
8649341 3134241 8242190 9174924 8393779 181822
2403414 6341703 9413635 2752569 3075973 294401
9250771 1892506 9547925 6068525 896193 929868
3479494 8470979 392969 8428923 3608879 8569767
7757837 2591061 9394650 3579915 2410567 2570396
7352869 510327 7111032 2285914 4347694 4630715
3922188 7050975 3631155 8610472 7856592 908651
1549498 95150 5707703 2775439 3977096 9035640
4288625 3893728 8668448 2943705 3894943 2934067
3388947 9823241 1842239 7756969 9968591 3621153
4572432 7120431 8571108 881753 8194000 29079
7426022 1448521 1168283 9383889 6963276 2384167
5367606 7717028 2878924 3631390 9110353 5637934
6849388 4112387 3336519 3819788 2704938 6880807
5981865 7314548 5086651 5201580 2716696 3666003
7474893 1425793 2391569 3240056 9894056 5298077
2088174 8465128 4968300 3080278 7006795 8048243
7379052 9932971 8157896 7936763 4648811 7909238
8699163 3321140 7915977 9931567 8539426 2426863
8391520 2838542 3907655 1229581 5901877 6433132
1168025 6767865 1685100 5940675 7133111 5629967
5905417 6575256 2555613 7806289 9606164 9192435
107575 698637 7999402 5947058 8538009 6738508
7257239 5003345 2625120 9298271 65787 2438006
6137914 6690510 5479777 9898975 9586967 3685578
5705243 2624023 9217231 9259440 6753245 3060374
4792512 1936385 2281434 448778 5422615 8046700
7395616 8316442 4608363 6097634 8748784 332691
5869329 9210534 8924969 5454260 8001290 1950369
5580456 4270621 6494784 9484161 4372177 281145
6215704 6504650 1127336 6087771 9041955 201275
4627481 5576215 4830817 8305286 2688113 6329364
365053 1270409 3240483 3518208 997859 2358602
2464409 5219800 3824989 3678804 966175 7325347
4426419 2046809 1797024 2414561 9242469 9241512
1503101 2492506 7281880 3236882 668834 8336030
6471964 7083751 1563110 3011196 2119262 5061616
639151 1411066 938615 2691901 2084242 654516
365651 5499771 2826389 1884684 7773970 2718398
1797056 3035402 3312681 6004875 3322425 6050556
2028176 7288974 5457517 6558206 6862161 4249888
7485258 3903138 8104647 410531 2937692 2777666
3018203 2554204 5889067 988772 7474759 8895488
562976 7374910 9182644 9658388 231575 7576361
7365075 386101 5653602 6642622 8579112 2474067
807285 9408948 8666103 2390251 8334227 2936780
6430961 2627718 77199 8393830 8637516 94129
6072662 6947506 3171772 9561014 6384132 6858279
5599539 8045670 9731917 2705624 5307393 6318282
3202147 4512200 3539304 71842 9728995 5474519
5339741 9392732 4400491 5650873 2658428 9623587
9160787 8199735 4615607 1392015 8255067 778951
2501204 7182156 1386059 9618841 6951427 4933989
9840212 8516125 7168592 73308 1464083 9881227
2241466 1726400 6315743 4641180 1907376 7304246
7412137 4305099 1364957 7531396 6179936 1637070
598709 8285533 5021586 3598753 1091169 4330918
4662389 6216175 3450950 8521350 8402367 8841987
7159807 9592491 4657860 7654035 5330063 6731965
7931822 1989865 777295 2430946 4952073 898035
9075589 2200417 5899261 6316859 4179249 4357262
8495695 558014 7462887 8018031 428945 1457743
1372188 577315 3613997 7793976 7868999 1350600
4882172 5758373 3108884 2292222 2014736 3119449
8391060 4366723 5642885 2755560 2748015 3743437
7950594 3755350 4197413 4354778 1022217 3710380
2702366 5065702 1058355 6427857 8941554 7441420
3560830 1649783 6984798 7879429 5247128 1014181
6434712 3892869 7773290 8067680 8892298 3287251
4341948 2692704 8735206 2008836 9296519 5339458
6797183 2814297 2300124 7889947 7878033 8273866
4493703 9449255 6168314 1659455 9295160 8346402
9888158 5511190 2720058 5751311 1599679 6168612
6370392 1883021 2354489 8366310 9769208 4741450
5540810 6459845 9693063 9185217 2989879 5265615
480897 5332449 3432166 7689020 2080264 4768675
7637807 6198766 9445946 6078727 8065022 3318348
9113979 2934064 6045594 3159777 3194726 5037883
4916979 4097261 9840878 1080090 7054707 165106
3517108 9280486 1189756 3452220 8638872 8513826
1982437 3980467 1851560 4809970 1689621 3240708
9741177 29782 4472242 826122 7156265 1468860
4705846 5251265 9537410 148341 8643192 6974987
5872482 9890256 8938322 3032235 219255 9614869
3401230 3007147 3760675 1705505 3532785 2040550
4487101 9822610 8649694 5427246 6445013 6795940
451106 1128794 7121213 1853919 4536625 8630251
2481714 7177537 6110716 370361 457189 913496
7173010 8914509 6462620 2703228 6237727 6131636
9248681 2238038 6023013 6208686 4279352 9118810
2376720 2727508 2653575 2544571 2505944 1852158
9873945 2093661 2684950 5188936 8435627 9514506
9637392 1611762 9403028 8331191 6923927 7773362
9119887 253646 974647 3962408 7091105 2356801
3972092 96391 4058616 5996392 4051287 1553288
8010250 9881373 6501566 7203386 5629088 7992144
697442 3729903 821246 7593801 8440473 4007057
631057 3035246 3325494 1166055 4358721 1378521
5563923 1490622 5684417 1322707 7106676 5176120
1244674 8592712 7497746 4100076 2595401 2886926
5122825 7246946 5440715 1781128 8615885 7194777
2784407 9849113 761954 8351069 2053905 2627050
979576 4779974 8504263 664805 5626148 801483
1718976 8739495 3208809 8567104 6785194 2820153
3840706 3514381 7269585 4344618 7614597 1534415
4029296 7836304 59883 3736705 6683573 1694036
3328336 6844299 1473213 8995424 4826560 6112391
5619840 4163565 4466339 5539461 3734459 635883
6723583 6989016 7226101 1159407 2612738 1423258
1182061 953825 9110257 3219610 4414711 1675706
6416194 8427206 8194711 4244508 3255094 1664252
8314953 9440880 7514181 4897978 1064723 9887075
7944234 2129333 2370596 1125957 8114738 7337179
2131622 421935 3101082 9699603 758766 1256656
1893917 5402932 4026942 901900 3707712 9781120
4500529 5838045 2861310 6152545 6822431 4646054
2714559 7344742 7347419 3014035 60388 2214989
1534531 9125109 7225369 3945981 2606788 4373468
1962731 1932817 6385213 1542801 3707724 60776
2566988 710000 5932935 1412783 5134392 9901285
5340408 9379173 9868804 7415384 9493415 8945324
3297367 5220378 8702983 3425395 8102829 5660450
2120172 6269651 5951438 8564714 9380107 9865739
3733675 4654286 8437065 2159009 8453869 375493
7025977 7209773 3111114 731622 8922591 4918345
4626984 1994837 7480487 6291425 8680421 7991842
4176898 8570294 9102227 6294394 9127501 4872050
4916949 6744902 534213 4308351 8096276 5380089
3572164 7583810 6005329 5140451 7633856 6030764
1446152 6046140 3479179 3922594 7250667 4291772
6147992 281173 4576699 9200839 1021242 5733870
6050099 6872438 542956 7339433 8804247 5125959
3847064 5710948 5652485 7922707 1821442 3120906
8181620 1712873 6195206 3305742 4527477 8173917
725239 2200163 5685588 7048568 7369411 4841447
7067034 2606935 5268826 2582245 3076404 2647412
5909322 4713264 1017815 4116752 5561601 615737
2903540 904267 7167611 7114104 3226287 2555808
6285539 8543563 2002151 1868415 4556914 7374108
8564956 6668583 9987049 4282843 339651 6575904
6544049 3118037 6363309 185863 6237202 1913771
5386583 5586038 2126339 588301 3161175 3470448
341893 9720867 9608513 3887797 4929039 1649646
3358634 4038277 3914800 7906930 9831367 9640968
5402291 2034788 610626 9590326 5458208 8657504
1510067 8556927 7721195 2052552 3982373 3570359
7390500 5223196 6986772 6093675 258190 3829286
1946212 5568875 6701559 4032886 7086370 4086471
5595434 9852311 4035983 6328484 636911 8718867
9229612 5096352 4516107 7874977 8038789 7848417
228442 912324 6380659 7750159 3822359 2939197
7877083 9199795 6496747 2681066 1754955 4361867
7389132 1525784 5212150 7748652 3565286 35932
1132080 1568747 1526376 3084014 6189604 80624
7257634 6884391 8519280 7643059 4853471 5835898
8658804 6181364 2839148 1681216 8566463 8856435
8283147 1912472 6237985 4869519 9077544 3515111
3699004 6501767 6002458 5628400 9382849 9451489
4596365 4764477 1416912 6197238 1919143 6141083
8925457 5495623 2307807 5510260 1911538 5681119
2707794 7002982 380253 6054126 3728772 6744876
61500 2717620 3316939 8917592 7488214 6051709
6809808 4334702 3904402 2890861 7671465 2761471
6290506 977245 482497 6319058 3686136 5381120
6735850 707612 8338610 9156608 7924599 3313921
9086119 2902317 1131960 2927561 3124472 4340520
8418177 2284412 2879701 8548548 5267830 4872297
9238369 8962455 2248345 8109760 1866768 2260803
4592436 5178701 5050145 3374299 9163503 9587714
3727706 7424294 5364580 9507405 2118554 6107165
8281019 7524159 9224650 2753917 996424 1786690
1355403 556898 9931038 8592866 2476335 4489147
1177968 2972841 8736131 392024 264320 3854886
7382437 1458432 7615507 8937829 4003977 3061383
3406395 5268531 5684510 436793 2209493 5646759
6253210 1108771 1210368 376955 2026855 848875
2679023 4908715 4676570 5044993 1465946 3437606
7385138 4713316 9278787 92290 988380 4803533
3819502 5165655 1534899 9263766 8120420 2407615
6406462 9106793 7784597 6319869 7649317 3300191
3698620 4717168 4542454 8564582 4157163 2234805
5127375 6645338 765118 3759365 1593399 3645193
7378581 6177539 7742644 8553825 5837500 8409931
8132213 445791 5988475 6731110 3518757 2683511
5828981 8325534 6812404 2622378 8802151 2585178
7131405 3096448 7916094 8502839 3516789 3319513
4173090 5927294 9581237 1582963 4423912 4629914
5848517 2033250 8093319 4729501 6323001 9953379
9708076 3653190 5296841 7337912 31894 5077683
4260141 2312620 9263455 9269820 9450776 2104664
2850883 4899933 1604516 7304087 7836143 7326250
7328129 3172489 1689853 2619467 6911276 2890757
8549010 2501611 5331078 3710948 7281418 6509415
4657071 2498340 1673680 3069554 9688512 3186907
2705354 7969927 9837931 9021403 3240105 7376457
8450773 8156116 1663049 280547 3342673 7454225
642713 9562146 1709842 9024544 7303857 3651078
5140572 9973908 3829593 9610595 2884921 5817640
6235230 1749938 8052057 1094505 2644522 5150757
2573401 4235716 9238932 1696232 1005109 9605716
847100 3312331 4167641 3453197 1410365 4289185
4239223 1447710 4410573 8210044 3059999 4200479
3047 5035221 7742753 3744276 6233510 4070970
6938430 1913954 3749076 138614 1920044 5524492
1814287 7587430 8225946 387084 3782880 3506650
5883963 615177 5258008 6513178 6908022 8950689
6584350 3754305 5242372 7011506 1219479 8592102
7393632 7333096 9812588 8906241 7985764 4605507
2989111 6816780 6840180 3541613 823808 9390351
3618981 7740202 9643922 4112275 9351916 8533101
1986423 1339694 6189857 7229437 149263 222871
4343255 8191397 2647600 3231830 7885091 2197317
5036947 7281853 3432255 2394430 6594852 43012
4970799 367407 6407951 7409222 5452437 8721703
3883888 5649259 1138956 2150336 814275 1325289
4813869 722414 4954418 5129090 9157710 2724283
1939022 1538460 1143153 5016465 422056 6185815
3014594 6626239 8410837 6961422 2052736 1976217
8770709 7784216 5035001 8172381 7447935 6427252
1790460 7303472 3826075 6376520 3353265 5398431
8056862 6353722 6596553 8708811 9331054 4677161
1837592 9836355 707893 7532312 4404785 3406255
2574009 7390042 6539060 4633368 6063235 2560992
8711563 2874030 7136666 2494386 4576802 3993884
2060249 9409522 279508 6983200 1371260 568058
7454846 5079839 9833580 7379307 1058086 1716901
1831806 6796139 5059032 8491362 324356 6299169
6108592 2124719 7941776 1488439 265140 454579
2535276 8451828 3732129 1367206 1518881 9273734
3262821 8684895 1182433 2297630 4858985 6993870
7400405 4225802 9831012 4042995 5247194 787004
9450351 1637222 9112275 6848878 5122300 979810
1876831 1685056 7178724 1073913 9598966 3604593
9858419 4660976 8336408 4855361 3131415 9637342
7333221 358841 4725096 7656707 9826049 5458318
5017609 9234984 4610624 8542035 1435361 1579121
8663131 8317386 5711281 3839866 6186518 1928290
5311845 8535934 8453728 4886621 5168493 6272462
4151257 6916262 8607817 4593762 9983982 4043828
7284905 7803563 4314866 3422520 2263446 9187622
2147454 9362202 255480 1334232 4317609 2943640
6045879 4347195 3254464 6697513 7760363 2919169
1610260 5039198 1753042 3094448 7979919 8869808
7039963 723525 3206164 6577878 6560519 7127482
3283154 6284797 9424780 4794459 6750289 9555201
6707873 8647189 6639082 3152792 6551887 2363345
8594470 5664646 9331422 7811165 614568 1368927
4037515 1276789 9369448 2893352 6029852 4490672
7704229 7974321 5577286 5242617 6181579 3086149
9158576 2965836 2857159 1486260 2611724 9529330
8893464 3557065 8026416 5646611 1719231 8801590
2596750 2407899 9242521 3752173 5521202 4841927
5077164 1378077 4487893 3455271 6624034 202764
7307187 3689724 6373724 7823880 212012 7391599
6294180 7165 1575784 3832331 6763905 4244469
4034844 407549 9958124 1670043 7751238 7038235
9764360 8456430 1514386 4130129 7523023 4810642
3572400 981289 6245093 9628431 534456 2090561
9913301 352861 9842079 8139659 9223886 2457368
6687246 2590092 9056185 7765221 4460211 5800235
6696889 2696793 3209223 1509756 9615283 5634702
7276499 3250783 4859692 9508558 5471422 795378
8404357 6226096 8503384 1713238 639985 5591605
4264680 4365539 4598514 7215165 8788605 7473323
7540946 7747558 7836520 9506352 5330219 1842119
2940397 1901852 4164571 2141704 3515010 2277367
3507942 8271230 5609266 3155347 5591989 7476337
8087376 780628 2909818 970780 2927410 7483016
1275208 1128488 7592510 518114 299173 8065657
6913207 8458829 1445757 6939728 3891992 2319716
840104 9836262 6893376 3989652 5693904 5114356
8245709 6974988 6628331 960830 8478588 156602
5419249 625731 7233783 3398514 3716395 5631369
202032 450145 1573252 930448 7094774 8218858
8271893 6268406 1655641 9829264 6350445 9737610
5295091 210251 6434526 4389833 6868025 1098562
8383407 9098266 8841481 6300986 1739289 8254081
1643461 6784528 1714250 8355650 7251898 8466354
417509 1942733 7879291 5102855 767815 7067692
4639816 46912 7961656 4152492 5894980 9679938
7860668 6356677 1736426 4965517 881020 5566939
5149207 9110440 3940182 9508201 6702709 9496526
488770 7221803 7717087 9265507 9735640 2453767
8019698 5099473 8948967 757129 4857283 233563
2479795 5375153 1000800 4099392 518219 2763593
4404472 3994498 6395767 3798603 8871609 5460834
9843341 2379366 1694322 4147367 7370986 8657509
6470804 5806092 2576050 7521315 2935625 9370559
4846870 6219137 312311 8856265 4541978 8272128
879398 2049849 2737560 15875 6663670 9190848
1077969 5476278 5528312 1192985 2613770 6371036
2244709 5093630 9089671 678234 9737674 2043432
7710131 8511063 2401910 8173824 2025673 3636741
2580863 5154514 3843880 16796 910072 4333385
1637267 3052393 7348865 8752052 5499221 2170826
3106147 5260266 6586412 2437217 9510558 7516401
4624403 4221945 9106485 3077908 2270641 6241086
2550334 4064848 341279 2044421 3383862 5138295
105876 5139463 5419670 1646964 4728298 7829962
9066139 2677718 7427804 1787003 1558093 5855309
6743905 3017552 2715644 3479109 1231672 112398
1532041 6731553 1400240 2108919 4141463 7612175
884161 6865129 7542832 1958082 521430 6658585
5715198 3374223 4061003 9860278 7308605 5818382
7613978 8920887 6075544 2134398 6460313 1124206
4914746 7022815 4734417 4898541 1967241 3592842
7327367 5458447 7454781 4738073 3147692 8063555
5094980 6372788 1503095 1991128 7543863 1051094
9509823 7449274 7173726 4301726 8296419 4339148
6628002 1730029 3886499 8421857 2626372 8575731
7255182 3201391 102813 8072960 6415306 5753896
6309968 2072207 9346494 1414049 6583272 2617435
5162503 6881671 8639633 2151842 4827940 5444041
7482712 7854069 4827440 9890431 8019951 2330989
2907112 4260849 8393337 266049 6934789 419648
4607589 8996777 8337974 6278383 3584371 7164781
338563 7859237 6897207 3297899 1555907 1493210
3712513 5203762 6295294 3402241 6957222 6234335
9672094 7623170 7270066 6133251 6528801 1802400
3788145 1154623 5175880 8704850 1927146 9784847
7503177 6939443 5888913 9569368 7014620 2881592
4024191 9914912 8510188 9105911 7144247 5528129
4194852 6467845 5291704 8280859 7487284 623591
8381466 9446842 8574209 3472780 900760 2670463
944707 5801834 5000063 1320090 3615662 3965912
8361301 5011129 7409358 9017885 6867541 8940725
1287951 713963 1110571 2899245 3474950 1550268
6381245 2563813 8851775 5065662 6064443 1122958
2376071 9283266 5447632 7181280 3764511 2085792
735614 1322367 8172052 5451192 573479 6761560
4683836 6230072 7477319 3907946 4479415 3119390
7847264 3044047 2672937 7605148 5831200 2251201
9996542 6588842 9425409 1092944 3198434 5094787
6083442 4588073 8933408 3962283 1680413 9309920
5611010 6440176 3869789 5350699 216282 159491
7459799 7230702 6237533 5058604 8374285 3897383
9608483 3698132 5010607 3497037 5871845 9412866
8013877 9613815 5974378 6351786 1392050 167124
9652213 499692 9885093 9148134 6514170 5285400
8352961 3493555 7302836 9233011 3512664 8209634
613977 7877917 3659323 5472476 7915868 9221
4345066 4901118 2297365 7436116 3456115 4782569
8978116 8250021 3083894 3317489 5213351 6680012
5754079 376443 1609460 4979307 5846494 3240513
9690487 2462087 2901715 6944637 4788336 1959027
6265750 9880920 2478321 1617874 5090116 4223303
8640161 6937029 4530655 7633729 4754201 9414514
5764771 4276893 220398 3728816 5538272 3849153
5385921 3329652 7218626 4411758 5741277 400706
5183462 4729930 227400 8604676 4568701 2304225
3558596 6128766 1957824 6160968 5742520 2005830
8525498 3014795 7167441 4195626 1454809 9702772
7485685 8368799 5117499 6142063 8823732 8679092
712909 5763346 7058779 4398718 9424852 3046581
7978496 8369087 5529357 2249980 4097688 4328750
1654733 3951414 4156128 4142269 563714 3305939
8782032 3996303 2193491 8985977 8291297 5881185
8360550 6265752 970114 3226702 3869224 7134084
8685528 7988948 3148612 757228 5765649 690940
1434693 4599454 5859761 1975144 8143731 2498320
8608779 8862492 2926785 1615936 8672017 2493232
6308519 2123476 5090406 3648457 9775468 5609794
7889176 1325446 8030383 5669665 6676992 3476162
5769110 335098 8244499 8193022 3360281 3338957
9156901 8432633 1969210 7725013 3761550 1677314
5654197 2510322 1717268 3195158 9373602 5325068
6068584 1311615 6888545 1749225 9073597 727396
4984004 6449956 7765901 7911767 4532742 5749390
5052510 9145606 423072 3146604 8208425 2979645
1328497 3426746 5775870 9757765 7131566 3157708
1065627 1383272 8867162 735479 2120866 264974
8837225 8191039 7357447 9982675 4246763 4617245
490241 6886929 9489133 4538698 8861765 690003
4544248 2293155 7739445 3476579 3521518 4078825
2457803 467980 9781515 4523782 2200694 8165840
6934277 6071002 55008 7293821 7031987 956886
8489963 1751219 8361744 9806138 709108 6798157
2282240 8270772 8241757 2935172 2436074 8593916
6777379 2205563 8448520 7045527 4664230 4465036
1426138 4013146 1933748 7713710 6106094 9560600
1643435 8580936 8973587 8600247 3072395 8686647
3610446 2306812 278333 1548212 5511169 3881065
5254163 3833829 2079906 789797 7015528 3041531
581114 1553260 8012015 8126176 3539096 6844514
5060373 3457109 2403156 9308731 9988044 7780623
7889260 2814573 711973 5772780 9321110 3506010
5605832 1984998 3526004 7396913 1788918 1968096
5608345 8725671 8656222 9709065 9433700 2488519
798474 4512003 9878148 120898 8286386 9689551
7064297 9606344 899332 2163946 5530991 7144740
7068696 1123072 7252343 4029188 9411749 8713115
6068508 8679166 6562108 2473109 7161257 4382760
6231595 4991132 1515569 7392018 284035 5425067
1913542 6630587 8317160 7531305 2935939 9928951
2011875 6157221 619152 4012811 9483280 257594
2538949 861728 4796903 7805172 5433043 978932
3945911 4044365 7521426 4275206 7879517 7454632
6500409 1958130 3917971 3124005 6130849 1918787
5864002 9961364 7704616 2434594 1015094 7124047
3619430 1150928 7467215 9730267 7943802 2187127
1672437 9874611 131787 7062185 6860605 4187246
8445122 2042480 9857270 3840898 7373857 5748157
3646741 9612109 5448261 1514802 7375246 3049787
8689045 5547288 1095184 5493880 317533 1858684
4201445 6885830 2939207 8392451 5747511 569001
7515110 2084091 5402906 9403312 3443974 2871114
5135501 8989336 2497130 8644788 4487245 4272542
9829633 4624544 7493728 2617693 4918772 4395624
7359113 3568467 2775201 9855742 3227369 7450332
2209481 3585242 5574153 2909656 6628663 5116387
6774544 7970671 6651030 2596586 6125507 812355
7138537 4205173 2957924 8813949 5595594 3470780
6397580 4555830 2267495 2156368 6032602 7729902
8604042 8835930 3470708 2304904 2970943 5641426
9116092 4449029 39880 7266771 3128164 1156699
4360206 1533828 3550382 1830060 4979899 9227790
8378000 5482859 4170369 4885187 4699594 5810456
913016 9493305 1904522 9607542 746809 383339
2756570 9501396 4329914 8863618 1310867 9827185
7209092 3232975 4062465 8200626 9131543 5725022
7623326 771399 5121846 4296127 1967581 6671124
5979687 9278202 4984166 1690728 3336487 5435022
4732839 4599020 4571342 1455303 3927459 728003
1423927 6406654 5870748 9636747 3132408 7314959
5699333 4515037 4156519 2761645 8659622 8567256
4953394 3013604 9685981 1859602 9274421 2920893
514704 4056152 6170570 8620244 8625275 7991945
2278771 9288093 7036464 9734535 7857109 2774891
703733 6247445 1445008 309753 5334959 2400651
430634 1006831 3080827 2161313 5106456 4938454
1819625 8497570 2649269 6854438 2605376 9102050
4953118 5355325 2947133 2244694 7534240 2763333
7471376 6752720 3026231 2129046 5083769 6461153
2273647 9251225 5436901 9262887 4028593 6773784
6204638 1473722 8879978 5533063 7665446 1588335
8988350 9295617 9605354 1972333 9519546 4284584
1634643 2549317 5508224 5402773 6836551 317142
9029713 1642427 1692723 3021661 7071523 4362128
5323700 929441 2440272 4587631 2096683 6233728
5828919 5759692 2578041 7664663 7728145 733308
5699603 5101719 5388676 8610847 1699187 5277563
932857 5926426 8902530 6772838 5974269 9293046
9316038 9911105 6081839 7539827 4592862 2314787
1179737 5119801 1421116 3273080 7223860 657812
675143 8873900 4746442 9294251 9051546 3029829
6882967 9350024 9033950 1509849 2236952 4180648
1726495 2328020 7417099 19945 3995948 867445
3781276 178642 3974614 2561218 6331962 8913014
2502847 2621565 8849660 9666421 6676853 8035059
4661706 78400 3893307 5301054 5103572 9377829
8166413 584431 6104397 7317790 2119498 7560543
2167912 9441134 8877460 5558803 121010 8210758
9259291 9231921 2496756 150305 5664830 8020914
6674731 6256269 9510631 461478 8278104 760001
2066083 7868750 1280811 1483994 9562249 6714695
5400454 3904266 4380643 7509758 1311435 7461258
9043732 9372659 7456435 9731663 5174208 8897131
9049451 5818342 8160869 3646425 7228871 1262887
6935033 2074848 8551384 5797767 2116592 9097577
7088839 3499398 4002645 3718351 4031145 3721630
5725903 392557 6732906 4591385 4805336 947854
254912 8860798 7021616 5043020 9412970 6536771
5030818 9629042 2850129 7903857 7622180 7782496
4797592 6731821 672599 1636349 7818242 5413938
3122471 8504541 463165 8193285 2948433 3875253
4548735 6194446 1866477 5515481 104958 9764057
5927219 5859488 6498855 1884461 5671557 5540883
5523979 5122783 2385376 2950085 388121 9889523
1057744 7746427 9108612 5264507 3686413 8420056
1742917 36232 6261938 3618533 6863799 8973671
4328066 5557913 4252626 8974929 428622 1258873
8947756 4425649 9406028 6049884 1222849 9689812
9324481 6416985 9658213 4307314 308452 5809876
6985756 411365 4954446 4271103 273245 6160816
827786 9760955 985267 3969849 9257448 8876934
7694379 1594823 9970756 5675677 1199620 8931846
4274372 5844878 1645354 2408834 1308441 7697678
7538913 3961230 2996888 8934325 4612307 8699409
5706424 7957287 4208741 6860306 9377017 9630260
3341070 1424635 412830 9102876 9010405 9644602
963551 2454695 7371344 5764602 3104897 6849899
6905171 9921866 4964356 7197944 3230285 48945
1549949 9139926 2212212 2147630 4285935 7430344
9939300 2927577 87063 457954 6115429 5368441
310795 1011012 7239350 4420312 3978662 4054204
9864445 1776189 7569193 3512312 1259006 3851104
1806236 3862396 3740548 1657636 7368450 9809773
1897269 5441373 7295896 5299227 7972047 2723455
6749422 7901850 2642476 5436213 6382414 7515576
3093152 8980651 1703499 1622874 7598804 9413955
8288596 1763829 1229381 4033708 6213658 2152634
1408585 6916479 7929500 7927303 6332431 2295711
7102162 8323214 3122153 7778499 4828875 9224489
1597837 9341223 2680367 5512261 6248869 3736924
3972979 4157262 7478303 6568357 8448370 8297637
7325003 9041028 2400154 3411725 3821555 5796918
5555054 1094744 1192445 5136879 1976982 7994138
3024071 7756093 7862355 25337 6764481 1196652
9724897 613955 8746191 7241789 3152805 453519
8824502 2119828 3393680 5773247 6939153 5458390
3514359 6002976 3232963 9091193 4412524 3386654
67463 4187174 5380829 8398551 971738 612783
5017121 230536 1829775 411682 6552442 8793584
7065509 7355134 5976794 277529 7574480 2374692
9862863 591541 2645644 7791471 5246672 9582042
4481186 8926402 7856043 331982 4822304 5712378
5853418 302558 1134318 1217716 7412227 71125
8795693 7004531 1872198 8045755 1531313 2027186
4511149 224356 6534032 1557809 8914936 8659402
3936179 6639226 3718084 2019393 5451633 31917
8708093 6962646 9528383 9747594 2774157 8882823
133601 1377234 2956251 3906243 3796098 2923092
5445936 5729934 6566855 1011747 5801454 7296499
2149029 8394760 8323604 3341840 5101006 8726285
118831 3397371 5646636 6936301 3456579 7557253
3896824 5188682 688821 5684397 6506201 9617433
3852642 6847218 9512768 6457375 1288866 1531333
1629169 1773681 5223199 9083004 2068950 8158862
817591 1468832 537870 3454762 616502 2099968
8879526 3815669 9472627 7060357 6622694 4011211
4512641 5795254 2492447 5695519 7671518 2886776
7527025 4432217 8545166 7824724 991555 5070897
3656574 9061035 3815603 8083015 5059571 9687118
9728869 9817214 9270634 6146955 10293 9096227
2125569 1233373 1876970 3729254 2198523 335070
2701005 8290471 2689629 102636 9096702 4343923
6134088 6411908 3442943 8114741 41444 4361819
4089630 5439741 2262230 6954007 4416317 6037557
5482114 5437045 2465157 321353 8476439 5177936
9975186 8269473 47543 3913742 1346268 7914955
7671017 3444819 8122949 2277647 2049974 8406441
7608649 9416215 1968224 87353 5357892 3090573
9080191 3183455 6340983 8899790 1154737 270873
3283258 9628910 4988867 1275160 1938110 2882805
7454499 5809192 1947644 3360573 9455271 6399871
4668481 3309788 4363373 6797267 9632963 1945760
6986273 3920258 4246085 6404253 6894242 1681359
7125682 8896093 3092208 2730975 2281767 4663135
2517626 2383676 8802682 3519172 8281404 8970610
2841987 3469795 4056529 3101511 2465522 6555173
1291802 7868103 5876293 5357012 1471650 3674858
1069660 9924955 8887644 299024 446770 1576261
9639678 9495424 1348334 1762061 6206449 4032433
9885969 7064493 8886187 5705284 6277379 6637052
9483262 7099874 9401531 9063653 2722259 9037286
752136 5018791 3433513 3631055 2759016 9537816
6681939 7373982 3879515 7225810 7874623 3710216
1209178 8209397 7162122 6928179 4502045 5060463
7333031 4427142 8313348 722537 7500365 8346730
5997054 8397109 434300 7887692 2748126 8933218
5172094 5011647 1765517 8211273 8120273 1257486
1183892 2880376 7370925 7448666 5840866 8020210
8390048 4648391 8893823 5676375 6517769 2240558
7694449 308831 9385271 1443523 6151836 4719314
2521453 5901519 5358915 5380994 6914072 8274855
87593 2502208 2225877 3458646 6188990 3772788
6701358 5550583 6465369 2192832 9466193 7368900
9798553 9656679 8713316 685567 9944410 9977072
3956490 5610398 603587 2397144 8964990 9766257
9472160 1118112 5173190 6270576 6987628 8220685
4758569 6306667 8468365 6187883 3387909 4623766
8665299 3901458 3735430 8128494 4545475 2989399
8169454 9187540 1939044 3529669 7870711 1260837
6951423 8481341 4290040 1188564 1967340 1685992
5989552 8257844 3764697 7913377 1316201 8018783
6182040 4325287 2527885 8329340 2120391 835648
2751876 3379522 9627112 8344098 2530764 3766430
8058073 4465208 7861607 102237 1808947 6670653
4419870 3933890 8539036 4769420 1782883 4888901
9975868 844642 4197208 2763006 4028982 2298888
8592853 9773868 7721205 2242916 7885484 159484
2363866 3514452 9017780 5783304 5183379 4786773
865037 5324933 7781863 1156463 3864790 6519539
4267828 7548718 2619648 4305416 1902932 2325037
4138618 8492005 3633584 7563312 2802005 1756484
5268133 7655501 5433282 8683678 6355464 3045539
3121249 2570684 4688911 6762237 196730 8105796
1593699 1094093 1393412 7105959 2688814 3747146
1753594 3817903 3947685 799904 5427596 1447123
1277033 6520238 8739007 5952538 1642017 574786
8654293 2097748 9049350 8531960 1644068 7948631
9728330 7483742 5493356 1572756 5496173 1442424
2019141 6717124 1780497 5661078 878870 3948728
4419510 9980725 9329210 787028 5579288 5927566
2086927 7930607 4082507 8203524 1985347 3596294
3622214 2175539 79628 2250166 172077 164313
1296804 2944559 4398422 9626707 4432696 3513481
1868274 1574145 5642298 4010479 9433219 98809
3043328 3279769 7068783 8507110 8677506 617019
1911229 1692746 3734634 2994084 832390 1333886
1792453 4844165 4208928 6353697 9168605 6693106
5987540 7993224 544848 9747534 4003501 1172609
9486913 7571874 970655 6182665 7290250 7778175
9687077 6390673 7094458 3039547 879282 9765079
5390834 9776089 7941504 210542 2523011 339325
8516188 4379934 5269887 8954783 8362130 7839374
1555122 4843962 1919815 4294737 2193785 8557223
488369 8934405 3746973 6460866 8381206 4020775
5964910 5527652 4255380 2290661 5050680 6228694
4160734 5190127 1194496 9841381 415216 437595
5031260 5652529 7405937 4415444 5001167 2687633
6342457 6123573 3852058 1496220 7719108 9820424
1731999 1963691 3642448 8659022 4304150 527743
5076259 9609398 8203736 8134317 9301494 7063145
7866386 298384 8683033 5902327 4719567 531228
7789369 898372 8182734 6595659 36103 5397267
5933811 3318227 1449113 326477 8543305 9182778
7980643 5999390 4190224 2688808 1464408 6565929
514110 6265622 6391654 1709242 8395508 726516
600602 6425647 7578222 8732004 301645 2462197
741313 5784840 2087774 1495262 9142589 2760141
3229710 1469272 4507292 7775722 6913553 5728023
2413823 3060331 9735999 6024802 125287 1989828
1067182 9348928 7389505 1764493 9663131 5499496
3048261 5569102 2504191 7781640 775121 3625040
2389658 1768047 1267439 9760633 9108802 6352348
6041977 8254697 1363568 5389311 2906124 9046847
2400465 8263823 9067343 5477088 4287958 5019120
3725038 7719181 9458753 4623214 7052830 5152779
9045781 3832465 2689071 2648267 4972707 8119923
6096792 6357035 1118557 4554748 8027492 996276
4481699 5128030 1782542 1439641 1593209 8157645
2499171 5380781 806405 7188061 8092035 3489663
8754529 9796528 3070369 1231809 7900937 2162541
5198899 4910991 1926050 9532891 8575391 7804188
8262286 2156592 6442870 9264457 373941 5897919
6419810 661779 4304400 8537037 1208840 6200941
2654381 8203598 4063175 4747548 7359807 1909864
2656117 4486221 4947153 9102265 3741763 4270469
192283 6890155 6197209 6066516 9311445 1292038
9588101 4471564 8218282 7305107 9148580 8565475
7537788 1171159 888226 6003729 1215231 2453872
8970309 1034569 8344123 4340713 3741239 1023064
5720648 379706 5699598 4640225 8631119 3401674
1750299 1658709 6027416 4875997 1250590 9066315
8415355 2049318 7778783 4071386 6104016 4633831
883648 4106146 1154797 3580332 6525297 7134609
5207149 6202877 8840038 6121643 9148162 5479049
3545834 146054 9341290 9750875 1246464 8257546
1272307 3161195 6104898 8395054 7931292 236834
3272155 9675585 3483202 1032370 5343195 9414783
8620908 8697809 2641307 2190887 6204372 2268476
5934993 3152164 9186008 7834555 9357204 2993030
5676886 1158087 5459795 8076278 3354731 4876781
8076560 9030199 992093 881965 1034513 7767211
5498358 1295752 9705150 2940199 6017713 6513801
6129912 1160583 8940770 3533688 7380686 9178556
7720300 9276886 4652433 8815032 8028927 2367459
3453454 2454666 8884846 8500802 1431955 6814490
7249276 722985 991157 6843394 2307082 758057
9225821 2450504 4367785 8430074 7072122 1821012
7768134 7301238 7017855 5483296 6750747 8736743
4709686 1027122 8616203 3194228 2224075 9203421
5894070 3244124 5826178 662679 5820878 6112715
3044760 5035234 7263608 3603699 5326068 9001846
8949405 2020326 4713292 8252130 6905858 5540810
4890691 3753059 7660039 9795409 9346116 5939705
7198744 7077465 1440952 4962601 1883000 8082253
2461205 5860483 3084248 3077005 5718586 3922900
3925135 4122966 3069025 7771043 2422577 9704285
4216222 1406554 1228475 8274947 7191833 9125439
7397435 1537724 6115773 7979520 6265548 1962495
1244993 1482669 6704349 1048751 6259915 5217766
6241680 8605089 4233433 349580 3521097 2157222
1082407 8545549 3989349 6285926 7647543 2790286
7264747 411720 2174584 3220399 6287367 4809463
4512947 5260122 7320212 2312741 7127128 9749128
2445090 9195334 8275857 4609830 3395471 2044909
4715368 7191446 9641737 9766262 4931861 9676705
4644302 699343 1246891 3506570 2616018 9309852
5463268 951616 1342450 2617441 8165604 8774637
3408289 6316138 3110355 8598051 5125175 3253399
814912 3894989 3639665 2320645 538319 8571704
1378269 9105324 8336528 6016218 1890862 8628385
7935158 5369518 6562585 9346108 626384 7051865
8478990 9247923 726930 6481353 9724157 5823492
752485 4771420 3138081 6348955 905756 9269279
3359271 9062928 557177 2251754 2729517 9479082
8476616 287450 6522768 366396 2754305 3735372
1889401 9404538 7314339 8759811 2961975 220770
6872698 8200891 704584 3589774 7984744 1389489
3636967 2047272 6812973 1260504 9836887 9745849
7781865 3675206 714372 7640335 2914093 6548624
8079830 1388458 7160209 9647255 4955318 7863381
733768 6664827 6192501 8396172 9841076 9313839
3998335 4387824 8279343 1045883 1967615 2455403
5674084 8907386 259857 8149798 9796479 7625483
6630152 4892137 7251842 9052750 3631790 533587
224692 4038780 7796711 1632777 8895426 2139695
1478921 618562 9897625 3775320 1549749 2248355
6275665 6885204 432080 9278567 6041217 8515440
1856664 9053541 6994700 7751430 3134622 6909087
3086027 1871144 7429358 1571443 9109930 8124792
5929747 6249431 1638377 1549239 8842428 9046918
3076195 6082559 7833570 3389541 8052204 2428279
7873795 3132449 3470678 5629617 8626817 4054876
7529756 6961478 5069383 8351141 6575141 228209
7040203 6697090 3751718 8103721 7299930 7892973
6068956 8276682 199098 3588743 5846159 4832992
9156512 4847280 2784916 3467932 1072667 1540255
3446100 5973961 2566207 1516299 8677938 2408619
704467 4556961 8574773 5435822 2924965 5140203
3155938 7458508 9373584 3912710 1855338 1892065
8723510 171344 1488492 9202831 7471761 5191729
9227814 3040377 8864556 3070283 6910211 3112440
1429401 2528009 1049387 8887376 6994519 635882
4745448 7841631 8572823 9390206 354133 8860036
4658531 1148331 6293921 4428708 7956514 1261162
8900365 2548008 2825125 8012985 2701456 188253
5252120 6152978 9399223 628057 2163305 3371898
1233102 586305 950262 2707928 3247390 4425995
117796 2079157 3567290 5998536 5265207 1416538
8478291 7904401 2178857 5806328 7442479 1870015
8269490 8575749 1214737 2871524 8296533 1088659
3941026 9478843 8839602 2635791 2850979 3640082
5385015 2070153 3692811 3289480 5603730 406488
5443545 1138272 6189285 9616683 6074158 1467059
6041478 4802457 8517696 5909215 4000258 6812590
9940760 9801083 4394524 2351120 3773424 5044626
267836 2505610 9150445 4477291 1382153 5519036
108406 8002287 8630661 8000063 9367322 1223908
8560040 2607662 4355231 9886566 4352854 8189772
3459051 2709489 3885617 7821834 6099714 61641
4511150 4473265 9294681 146341 1888555 8705902
8306744 7886864 4854598 8525334 9325024 7480540
1219382 2854832 8350695 2192616 5106309 4430711
1864212 6696320 355220 1180297 4288377 4165953
524698 9059804 3271515 7812391 6618838 5433556
9617533 2809958 8828750 6714756 8368477 8687363
8519862 9033202 3619732 4379964 8313122 2655353
5699711 4627799 1297634 8557536 9615736 3031527
8699221 122989 7443575 4966845 7329492 3451038
5873136 7842879 1027095 1300592 4789236 4278099
7627109 2516737 549542 5002844 6900567 2140959
4313818 8642482 7295366 6236721 8891161 7555747
9135667 5801638 180122 1852027 1466393 79878
4439184 6935366 1773604 1310008 4189286 9384945
3217443 5335121 8840896 1273729 697887 1434408
9745589 4098814 5702605 3823744 2142418 5455123
7357363 9447095 2973910 2259477 1546031 4039058
7969789 1343329 241957 9342822 751273 1956352
7546982 2245921 4465336 2159758 5767275 5292204
9093845 9658866 876293 8991682 6495217 8585177
4356508 4911079 5200038 7071671 5295821 2013628
3053583 9882012 8493469 1800033 4837380 6191950
5978989 1049883 1778279 8026061 4509318 9605289
6659008 5472038 7648164 2203731 9024602 9870361
7454879 4733632 4741863 4611015 3094282 1887751
9048328 467222 4038619 2112088 6044244 275726
8988406 5367207 4830504 5095170 8386241 1115933
4188401 3639339 8429022 256558 4255173 7934306
9468420 2593655 2066435 8532413 5540972 1524590
2303008 2050837 1730623 9991878 716376 8262767
3971991 5030545 1850573 6728087 1366004 7913876
781111 2028826 6115345 3713203 2123606 785885
9814583 1584231 7114970 2449548 4958143 8130267
3883204 6707843 7995593 3556219 6484065 2891102
1021664 5636747 8639802 3486801 9907210 8258978
9255009 8944005 4445118 4659332 3638853 8661658
3584849 7679751 82589 6566601 8737799 2523031
3509026 8864870 8527690 9787686 9720452 1031992
7718159 8546326 7671535 116357 8651594 142237
729715 7192450 2006120 4346386 6884025 5261112
4803417 5941688 3608841 8240167 4941293 7781543
4110461 5215595 6227447 8978817 8396999 5316269
2677922 4906573 6297354 8764304 1843050 5368483
2421995 7947988 6971391 7358400 5876421 6076862
7781282 6949932 6559709 8434607 6040808 2949308
6194897 2348830 115873 945026 3365873 5311666
5708468 2973708 7988891 8271356 2211508 6896308
3783888 4143265 5339062 122027 5503936 4638815
400427 3514007 4929719 4427741 4191778 6796593
2455638 27871 339234 9200697 3853030 865317
1361642 4752682 7102959 2429954 9928216 1305356
3825559 2645386 3015178 4188157 4047792 1243118
659080 9250852 1361130 3560617 3159980 2920689
638832 1469335 4793907 2565138 1124589 2674952
2357456 1452482 6396667 5064663 1654606 27859
9128089 4813621 5645984 706709 634156 1660123
9229035 2115291 8506348 3335436 6320821 4685629
3548925 1917604 2598147 2109144 650191 9923985
7825940 4314432 2662186 9033552 402382 3309881
4257524 719460 7959705 6070935 7600405 155688
2747480 9481785 6061821 8708056 2167262 6999422
8651626 7679467 8218724 551376 3156057 9182088
8325667 6943762 3483553 5622952 6613057 493154
3710688 5232846 3615750 7657641 3765817 8619850
2105440 1439449 8653158 3633223 1652255 6496816
7591121 2817706 8349575 1554403 5804583 1897328
509523 9569647 3066261 6789401 5102486 2448983
9267668 9558287 9765941 2246685 2429580 9743388
9594687 2224959 3182364 1528625 4451899 4274009
8167927 5104736 6722855 1497701 5005910 931290
222253 5317846 8961974 1243206 4730878 7028527
1390600 1294177 8550677 9930338 1960328 9143190
5746362 8839370 3504142 2439762 2970961 3683755
7027287 2396575 5883211 9370109 3042074 6401702
7161429 2505 1326193 7023725 1021835 382510
1940816 2217473 3133023 1920120 5028383 9634509
8824428 5431905 8813048 4021428 511149 8724286
1853329 3215220 3246272 6791089 687033 1547407
9716716 8029293 6248571 803969 3023340 1315631
1253273 9888670 9248561 9256082 450505 6589537
1879904 4034828 9052654 8649039 6005435 4227129
413820 7856097 4304515 7325796 5023723 8836091
9267449 6352157 935660 9465617 6608613 1511230
7057639 2199556 1770411 6696593 8488394 9655727
4694777 6664975 195937 6396212 981966 3348998
4091268 3874888 267744 9514983 3230273 2937006
5187639 5907311 1993202 349502 1538494 1670954
5880266 1128710 7514063 478876 584378 3166070
5488332 5359671 2504544 166120 1397829 199997
8776307 6651286 8796119 7012549 3004943 9527107
5852477 3629198 4245540 3128755 5598971 7386998
7017871 7844387 2092548 3931850 1252139 9563670
4692952 2912288 8016614 6076350 9222536 8117483
9446743 7523670 8264613 4089267 83617 9465470
5229603 3446727 716830 6731014 5688333 4393337
7048269 9099480 2478183 8845511 5993137 7037162
8869911 2455335 8826793 9455657 6018761 3313540
8144406 5612940 6935099 5698302 610539 9208124
3558712 2198377 9865426 7702678 1047755 1523327
3030642 6379392 2267227 7299181 6073066 1006657
4318141 3830485 9915841 3648648 3932867 5448617
228334 9145786 9764946 1759020 8169417 7069310
5586094 186537 5901559 6825676 8780049 8212253
5627970 3229721 5706842 3040221 3849728 5375546
8253008 6068207 8378653 1972733 7022422 3771200
217180 8244028 1949313 7606436 6810141 9330787
8321610 1208150 1761641 5991603 8709097 2815269
714394 7314904 3230350 4582105 8006362 6160081
2961843 2326333 4471469 5305861 5640620 5518627
316340 3991869 1474924 5197786 5476391 1714634
3279302 9595449 4135110 848684 8105068 7068314
3661039 3043586 2045629 7441656 4078444 7037101
9647452 9784296 2188275 1577081 4792360 2248831
1107285 7924648 413189 2550169 7519037 3467431
4266872 3210100 5085791 7823635 9982154 8696342
3324475 8885389 846129 5279738 78655 836815
8156331 1780393 2341483 2976068 7239258 405190
1011395 4230107 3275693 9724658 9993731 8280890
5668988 5797721 1736027 4604445 5728048 1068646
9017515 1013945 8590877 3993422 1013338 9998262
5998474 3731369 2545381 1322218 9496078 4863737
7573668 7872823 2092136 155932 9379421 1886327
4445335 7559448 4401124 5713123 6004165 9222461
7326492 4270490 7571420 7249316 3856539 5996851
5638079 1036597 6499985 4999666 3613063 3378275
132108 2920596 4621895 2594085 5533567 7724013
1049163 5385730 2353458 8214141 2183513 7287599
4601489 6337075 8867782 2535433 8845499 8723521
4938121 1705723 1008730 9370422 1559879 6652487
7517879 290282 2362979 2168681 307371 4192271
9302278 4547302 8776193 2841205 3817837 8816751
7957000 60204 8175098 606821 8157649 1164151
6710539 9293021 8525842 5604052 9033153 3875856
2407204 7258999 1953320 2582682 1987659 5361558
4495872 6968902 6557405 924149 8787336 3720930
972550 5385997 9046641 9531397 553751 5739154
9595967 5326574 6402295 5033560 253337 6196936
2742183 8827433 8119079 6402548 4529103 4800000
6616870 6585406 7904739 2591407 5756112 3865926
8439299 1579469 2542512 6918495 457631 4480748
6468870 9588392 1516212 4882472 3445628 9849431
7701727 5322717 483053 1161102 4135986 5658465
2485929 2921050 3821758 8137977 2283745 4541761
9475098 5409399 5355677 8688566 2364885 4641559
1402932 7002532 8117093 9019486 5208693 6467204
5898824 351492 3858248 8242548 92458 8322647
2760354 7483982 9858394 7627752 8349046 6247801
1856944 3858819 7762127 3580910 5557248 913638
4924204 4537776 6558916 4745816 7962685 4923433
1182939 9698744 762211 6252667 9885926 2643497
6629645 2165999 6132515 3773575 6347711 2868735
8441551 7461568 4763116 9807116 8859878 1197935
439146 320312 1880925 7314381 5199872 8114102
2245401 2381802 7244660 3884241 6099089 7769208
1186637 7055322 2218426 7916967 2542139 351039
4719101 2350999 2786291 2543575 699204 1129274
4951230 383766 1804541 5036246 5402420 5316919
48025 4905972 1572782 4956179 6141013 9854027
5519266 3731825 6593344 6124311 3707553 3338629
7173589 9931577 7422016 7893542 5214290 2524562
7872071 3703893 1594333 6718956 4414868 7081248
6040072 6271947 2373726 8918761 6505327 3027257
117681 5744886 8839566 5201961 5960718 5851
2609281 624502 5158312 7669422 4864072 263919
6036936 146661 5692958 8190288 1532126 2608808
9523090 8015669 9429244 2691061 7119177 8294470
5262497 7978585 9558453 8129289 8028555 5617015
9805479 3529969 6301385 6331859 96378 1797173
6395377 5893923 7271080 9572057 566414 9149618
4762235 8689437 1076638 9600135 3592270 6066605
6784051 739558 7526762 7065999 1978396 3267026
9138809 2614772 3650717 8378480 7757748 8631924
6107489 8212286 7675964 7195245 8162392 3988160
2976644 3997788 695316 6394249 9446553 5482446
5045687 3272277 6201231 8281065 9824716 1761240
4702112 3856980 80197 5202537 357401 8805963
1274581 3746222 6475019 8179646 6544203 6550838
7496775 4106894 6086318 7044004 4843655 6148946
5739510 2580140 6911804 3432692 1017169 3065306
1338225 9386211 8526853 9321090 5026352 2262619
6407462 8375766 3671998 4205985 2086124 8895825
8399331 7501972 3107331 62543 5993262 9650605
4713952 3097809 806275 9089646 874347 5454659
4404605 6053313 3189331 6300768 3293396 531284
9824776 1280275 9253107 9731632 6955998 9204901
7110324 147061 8845147 7039333 9622358 6833746
5911513 3974308 6850583 2945102 161250 2672162
6914983 9627701 2211652 8056989 3589766 5210717
3273884 4216102 1789700 626274 1788470 5085787
4492847 5318496 8874850 2884666 7588897 4849084
1068428 6258476 1261602 5311113 5935741 8975269
2522136 4886471 734827 7118873 9726037 8356450
1761132 2245892 806253 5371435 5629313 1099296
4600063 2614998 1650975 2691601 6752334 6870540
934445 1471794 5903575 580584 7605454 9801125
5295135 8571228 8470873 8331994 6672096 5049889
6807664 9449172 8976388 5786292 5781297 5640291
7266998 6744361 3523907 1392403 5952286 3151250
8011505 3701430 4765305 1838937 9700388 4086244
1938569 8160704 3146176 4016960 3711468 8109592
3868439 9399180 5084964 5508466 4688704 6608792
7670895 3375953 7721393 8220717 1531684 6616054
8853619 3278079 5057220 8795567 8176485 9717294
873046 3165408 8623573 6679217 8370031 4408483
8322733 4209419 4769007 826250 4187006 8279061
6062463 1298899 9301557 1226427 1971874 1662047
7883911 7652481 6903381 1707085 5391306 3451606
9001403 9846262 1475782 7556947 1705010 4242799
7514071 8469995 875669 9118472 9789793 269501
3860340 3168163 7517063 2666945 1514721 2088791
9335902 1934491 3595138 9936683 937852 1276724
5590279 2747421 6416992 3682552 474857 1682190
2286489 2926068 9063753 5294744 7639452 5710019
7794102 8494671 205110 8862384 4253085 6130098
1533834 951124 78645 2532172 6724864 2797171
7776681 2744953 1934727 8634153 5430804 1204509
1411123 2353284 8103132 2471405 9288439 1946619
5548049 7321886 556310 8585781 8209690 2225994
6371875 847035 4282148 1669197 526437 4283991
3425079 8619743 2358302 2840637 5185696 3515178
5912720 3851961 1413538 7279910 8691147 1768873
6128124 4758161 4881033 2402783 7058798 8445526
4531619 795757 4967867 1259464 2237486 9988665
903079 4762430 6105058 7200002 1981542 5401365
9362424 4735701 1782060 6311448 9316754 1955593
7517244 389547 6665474 2944361 3249006 1597253
6683353 1131428 5132363 9129258 1781449 5279382
6396430 6967454 3550169 7185446 349006 3063526
7156268 9332702 5808363 5445507 771968 392670
5031977 653656 2594372 4665117 2098771 8868813
1584731 5276912 2826387 1532600 5134791 4679971
6843113 8152392 9976935 8448934 7645454 909133
5098171 8020727 9547871 5008249 3396195 9140713
9153147 735539 3701128 538604 7143041 1961224
2525797 5821526 2666729 6500027 214877 6689116
1297622 7493262 8481975 8993836 1941414 1323822
9476493 765903 1965978 6061973 3294693 7664473
1870668 2772856 2345551 4817336 7938054 8992939
7141230 1403620 8497060 6249027 6862640 2167862
6138670 1291636 2794510 7654285 2365603 9216192
7959532 9127687 1661176 5598336 657177 3574293
7323242 1798002 2479419 8848082 3285888 3336997
8703656 9213965 6554339 3105101 7999517 6649436
4089023 5605680 6533901 890240 9888488 8020716
8812445 8611700 7215930 44469 1784585 7634843
4894437 6757718 7575603 8269856 878704 7094155
1363371 6668144 5403961 3305591 5326788 2382852
1286342 4351803 5332943 5830995 8741620 8789564
8487517 3266579 5395342 9519246 727632 9898386
2254760 8183979 2186501 6572083 910338 929392
4627338 6823041 3143415 9313214 8518255 5092731
1987523 225695 5629693 1227114 6187882 7009170
5678161 5574760 1577243 3032932 7741935 4298005
2927523 2437003 5853630 424828 6169826 9846583
7739649 2038365 8873848 1608223 7147663 5317511
7063594 9712109 7793186 6975824 2550832 9456156
2667025 850427 4101807 2516609 4460784 5261526
9770145 1446086 6217544 4349726 7687800 5532068
9851446 4392337 6984779 2201020 3058898 3636290
7088179 8737936 2433814 2866053 2958990 4879167
225697 797392 9559617 8149645 6639030 9157224
1431760 7944700 5531411 355364 2682409 9295710
6016686 2273535 1811202 9999617 2488814 6334456
5783517 8126496 1370022 9490536 3343686 6686901
5913489 8175087 6349151 4663314 5508025 8783917
9024699 5192900 1662470 4239592 1821023 9949202
167974 6828053 6401593 6809054 7460232 7428076
1657786 9654070 1458502 315382 5650274 5075986
3244106 2414565 1075379 6791588 1349191 3770963
205614 3827156 7190599 3620296 912807 2526500
192072 9643512 4820745 3591659 4303396 7841304
6768005 2898653 6987816 9883817 3036187 4780302
5958044 7340316 8451258 3978118 7200957 4413903
8465786 3068470 937912 2978317 5854912 9567104
798143 3887355 6503890 7868448 9387626 602485
6113702 2003103 3067403 2615272 1099141 4457988
3929119 1593801 9294102 9144097 3260266 6869981
3385263 5352744 1007988 5287638 3353046 1242518
5862338 6533556 7785131 5433138 9479223 9529176
3997789 5099244 2695576 6697824 5758127 7829403
8512382 7604460 1837360 5523272 7971120 1185060
4988748 8257698 3135090 7055747 4514861 8808169
6704568 8048124 7172775 6942577 1097432 5755241
2952760 4301411 7351260 8204530 7436219 7451638
515430 3805963 401753 6790239 7713430 5196181
8956076 8475291 9396519 41686 5140517 6725980
9521945 8952422 7367185 904123 667160 2576751
2512325 1750444 9736175 4548123 8692159 6405204
7808563 4856716 7387009 2873134 7401181 1354075
214242 7100808 1784179 3742864 171895 4721200
65255 6114586 8226061 5777095 1696900 1724027
9633490 1559795 4321263 9080729 5960241 1128127
7463940 6304271 1667781 8049582 4479464 1157149
3511185 6003098 3678343 4747590 7286026 6555681
1721708 678915 2141256 1891412 3536825 6999212
5463688 4400957 700372 8893442 5786226 5800584
9271996 6876890 6558506 6167027 5774265 3937380
7435026 5616278 2833485 7827518 8446036 6132915
8771735 6160669 2967352 7201135 9098622 7472075
4524585 6148285 8537907 2768307 9507914 6335104
5722816 3373246 9244525 1474277 3735726 3735801
9503729 6633004 2239236 2347894 1522129 758843
5098578 7283919 3911204 8844380 5375679 6191831
8466765 2044237 817527 6453754 5511016 258917
6816732 7295092 8399267 5011054 766275 6184074
3459716 5815281 9976594 7817635 7107347 2237548
357379 7942274 6715066 4204648 7256556 5941336
4975120 6775407 6889512 38090 1928590 2141920
219279 7467795 8000894 7859006 7406171 4903403
502642 1729758 10139 8046268 794868 8220961
5398266 7939434 992130 9618564 8657072 3729589
5002530 3997110 7240165 1570495 4964126 1724371
7305574 4859242 3904456 3577314 508804 4710033
4620191 7878660 2813249 418757 9841368 902581
7777911 8670250 7138690 1796374 1387014 8952670
1262740 5903270 5477866 8319125 7909300 3140647
1400692 7844523 500533 174190 2955551 6795210
6916951 7759925 2199190 8479896 7744120 8962226
7190584 5544261 2500419 284978 3038878 2790998
712412 8797830 4859516 1878403 8455674 596499
5569116 3096228 9113241 6349315 2805166 1579308
3832639 6858930 7352216 1951096 7834614 1800598
2540091 6070686 5573135 3715892 2432896 4449980
2077883 9907379 7357951 4037393 3195555 7380705
1854952 3359062 1137303 2252900 3705621 791534
2049199 9778022 1366261 2348683 4480167 9179440
7200766 1001410 6467125 8514898 4087565 4878551
9479713 1028542 7608187 8588045 1839054 7635660
5782065 6314967 753610 2346882 5060961 9150122
7324809 8655884 2607828 8266884 2915324 8223075
6500139 4816879 4194643 7283307 3559886 3489905
4762876 7047592 3925240 5176217 4594208 8519841
6863838 6011056 7879239 4136076 5406374 6236628
4918227 2668619 7366915 431965 7385268 8786399
9178733 8852225 4119793 4382919 9048223 6738457
4012589 1093808 6607471 6916485 5824246 5305767
3105123 9038715 7854458 1845680 7242187 4472771
3843592 2601151 8469933 7018056 8683354 7441782
2198759 4980739 7527610 1793060 5142693 8758069
9053467 579084 5618023 2239092 5997126 7070623
5602653 9340737 6397076 9615832 9676377 6542920
3233591 2480057 5294382 6099822 7498598 5460565
241332 7698311 7778257 8804046 8055390 3341158
345934 1115450 9300384 2107907 9510437 8972157
683211 7504034 8523801 7194764 5311073 3156674
6846389 7058405 5766074 8887474 7280833 6113550
3639229 7747580 8674684 398603 6090056 8616068
5993882 9014651 8287973 9745322 3879723 7052226
7641165 9529946 9372050 8771588 1730215 9487201
4066010 3927186 4272469 4733016 4693881 9991568
8880665 541699 377286 4077107 8784147 4096542
5204501 5154916 9302872 3076414 8497784 2987619
6897129 1177344 2949792 3880152 5851254 6762190
1481034 4948097 6170527 9891298 3090228 2446137
7161301 3864195 5043058 3967090 4014955 2326816
228594 9285179 9191019 2660263 8414985 8082143
3600301 3869855 3533657 6349795 1743532 9318379
3659830 5417850 7282925 1794099 3859527 8769623
4693881 9991568 4066010 3927186 4272469 4733016
