1000
432025 3725831 8648796 2272042 683369 6914808
2212894 8680199 3165133 3338373 864552 9417051
6778720 701379 8188623 9779453 3950154 9256896
609705 6167242 6670480 4940271 8012922 8256449
2186407 4209727 2658856 2123330 7953511 9481066
4967244 8885144 8626537 9990001 6954278 3388692
9547704 203068 8427504 1747713 4533348 4424870
1014310 2778754 1286218 8161380 4719700 4367694
3626034 4201920 3527301 1810063 7308599 3139189
5838889 6151095 4186902 9631434 8973430 1324746
3278883 2112400 9000228 4142535 1400460 7169195
9207529 5879663 8176542 103207 1602333 1778317
6918953 9557622 9125102 3927755 8742168 7684522
8718298 5695934 2559619 2479632 6782234 371060
849954 4986972 835770 9954261 5404290 7400978
7984688 4769467 9086458 2919530 871422 9254464
9341139 5442270 8275781 1029872 4395018 750490
875113 9663675 9864572 8356446 3226640 3682869
7901245 9789619 9071155 8348903 3595871 377842
5976652 277224 6611783 6762598 2287493 2812141
7912132 7308655 8820884 2649176 5638177 3530719
8077853 9271515 4678597 5688701 4932056 5493070
3682728 5171167 3070256 3869009 1123348 618941
4590827 4930148 6371764 9086389 3868089 6262093
2628853 3252875 2498484 4476009 3861439 5418437
8555203 3827073 8891924 4387302 2449382 7918902
1044830 5615133 4233312 3941020 1061038 5634047
9155925 1393747 8911811 8431586 5914136 3509846
2530719 8233016 1718809 7368907 9321453 3641466
477706 5768735 6953440 1491175 6775522 2871846
7937708 7830273 624419 1956056 9335454 217072
2670328 7445551 805277 3498450 1476985 6914349
9622657 1667825 8771228 1924332 1732049 4290502
4777327 9428705 9093596 5937048 8779188 1499044
8342781 2594754 6192624 7217556 5423882 4113034
1169967 1133462 7730787 3596701 6697880 3074645
2442058 1442079 2670358 1690050 3661935 5245539
810487 838560 9693581 5034289 5954650 8226568
3170346 1531358 4970217 6364642 5612569 8850777
6330587 1378008 6396229 6766541 5614502 911237
8484253 9702111 9010874 1323897 3655891 1857621
5970793 3406642 9843696 909217 5569363 307708
5726822 7840068 4213043 9673208 3453973 6621535
4391580 4224261 6312000 7047770 8283210 3262743
4037317 7831952 4631008 4653909 8861549 427340
9333923 7858617 6057742 4294452 9808415 6103696
2707559 8055432 990128 6479496 5506099 493225
9389745 385376 1429338 1092226 2917863 1437754
942184 5051242 3612772 5757733 8078033 7328156
528578 3343875 1158166 4756905 5393009 7500614
9509555 5230791 8620350 9883080 7648659 1501595
7635620 1204222 9048025 5582124 6675402 7888948
9824633 7940992 2635923 9147601 7649308 7997752
985983 8744972 4402228 1119277 7175710 450640
2289585 9862831 9496586 8148628 1178437 3197138
8798714 3545390 6899928 4497572 9321497 8029869
7879437 3953303 1369985 5607613 8782623 6456226
9983563 7829035 6805699 166750 3703261 1812223
7412858 2308306 6474934 1500295 6256575 4092266
3134017 5203832 1501518 9890399 8999902 7799558
8575640 3546841 2101191 2148223 2090125 7171803
4726031 7509328 3157486 4580837 3978965 7189828
2746960 4972924 6092021 206991 5617511 8725285
4316991 3115267 9762794 9304547 494870 5858249
7123292 1130744 6617932 2973097 9093858 5367490
9675010 8490969 9084480 8742768 7306003 6499988
5736836 3343656 6704490 6974984 7440491 6169051
4300105 8108216 8412836 9121182 3935138 6315608
6859124 5227125 84727 9568011 3453960 7291069
692852 5912112 8476760 9104917 1293155 9556969
8337968 5933723 1247911 8162981 2180620 4694491
4775143 1201687 1562132 6843429 7587392 7716968
9433515 2331837 3886357 966147 3498368 9865712
6176999 7223683 145189 6748573 5275965 5949973
50491 4438917 7598522 2615650 870476 4735853
8221242 678764 8570787 5278110 517622 2019446
8810505 8676790 452043 4374845 4119799 7060564
4705608 1000207 2721295 8059629 1479022 2279198
3865179 6533069 7617148 9170839 8667786 2398239
5115640 7694599 5690721 2930558 7576542 144011
2488196 3931338 3988267 5540616 6451462 6638346
3683313 4824504 5035553 4044102 1005301 3832281
2318170 6204384 4597186 9594554 6482603 5224399
125640 4077104 4290633 4953761 1474137 1785177
7804453 9357626 9042929 439591 9464310 2995672
1764825 3687020 4771261 3004770 2503651 7392302
8460053 4027784 3291648 334112 787045 2466098
5820822 1979077 7945950 4124423 4987216 6232814
3159529 7125371 2028792 5382769 8473651 8944305
4824491 8930943 956788 7755676 3582471 2968895
1241768 2367094 4070314 8091121 3641627 2570330
843239 9420989 4035823 861995 9237405 146860
1267398 1510068 1489502 3597594 1975750 2026659
9737162 9526126 3658824 4909123 7162423 7033719
1666348 6138507 1289404 1972832 7905507 8712020
6394634 3086953 2551427 3376859 4650345 5844880
6657271 7883547 9263873 1751884 5557693 5207131
9491524 6054885 1812948 2977636 4930436 1129029
7857021 7582396 6909061 2936674 6005926 5002532
3469736 8187864 5861759 1090582 5868591 3367702
2909826 3667326 6353694 8592039 2987935 9506443
2475060 5855928 4783267 9364380 2480457 6825015
8075901 7033615 9776533 3833233 7849288 8306559
9987313 6379054 4270745 6006357 2121648 3147032
3183943 8310083 8660808 6802463 8464714 1685558
3969556 2102267 6104126 9385896 5294861 1691976
4473420 2629355 2216399 5919507 9015548 322829
2648196 4877763 716875 9708522 8901506 2989084
5698138 2713759 6253930 9260800 1414445 2874088
4676233 3755414 9568479 8512822 9177478 6519622
5767733 7166091 7747933 5841862 9334059 1642910
1207981 4125232 4986366 5247679 1787692 4518885
5415530 1454727 4235912 6855596 9891533 4694340
1150916 2478575 1593671 9148209 8930452 2063415
2786338 8845835 4023597 2624280 7429767 732077
1021236 1496003 1336011 5005351 3963681 8423220
2051815 3231604 3942603 3357101 6941107 8195484
9935403 4711376 7905852 1901823 7012066 1283856
5405089 2831383 692893 1053962 6240721 258068
3717165 8069028 3918478 7012610 3975522 189883
4251058 7504460 5601741 4427377 2672040 651621
655917 5130802 5060239 7797461 3410382 7944710
2802297 8553713 8126980 4277472 9503483 1896081
5765120 3000129 3423513 6967298 3088680 3385074
191882 3911341 277235 6839399 7550869 2326451
2015301 384810 1055134 1485138 3031957 1233222
95614 2900980 7022672 5625536 9725970 1325224
6734936 7689830 1709090 305257 4061727 5502312
6726641 3089667 546471 1218924 5246718 3806694
6160256 1665630 1483727 1305763 9840227 627229
6128646 7512328 1172707 1764554 5212204 5910171
4654380 7222846 8302448 575604 7408701 3808561
2924126 4918550 4027704 6242052 9817569 2482815
9938090 5543876 2778140 2778485 757253 5340549
7463296 7369000 8530272 8655491 5434341 5502706
1343923 6445505 9268291 8664861 4190263 5321996
2850020 64691 5613178 6868502 1485062 8146434
9662693 6876552 2092617 6666446 7613852 5800761
611329 7288874 9469386 9464699 6549089 4503120
3803787 7288651 7512231 4791396 931257 1827316
6130187 1211010 4773514 7989317 6827961 7290888
27878 6462886 1647256 4696690 3889828 3217378
1486506 7845807 9962491 2286989 8614294 9531726
6387416 6471432 8115070 4093092 6166151 8065168
4552893 667301 8227514 3593344 1393550 8703374
8436868 8978232 2982187 1151335 1425715 7998660
3805986 3441962 7442123 6119620 7599371 9882062
6882049 4049382 1887657 2961032 7230752 5819617
4934432 8290799 9834161 6003268 6579843 2861529
1795564 1357322 3310704 4314806 8894067 5365026
9390249 6455127 8176830 8587331 9926239 5879010
5932512 7636603 763882 1898323 7421632 5625558
4354069 7873199 3248753 8072938 7165097 6324117
5422521 3367052 2255318 1312994 3466919 5359225
7638992 7299020 6585722 2354561 6154141 9512249
2017394 4545213 3639840 200575 5155570 8010726
8878393 2821270 3736528 8332 9026592 666218
6189014 1363473 4409043 343516 1696182 2119059
1226199 5034485 8887313 2152345 8964024 7220500
6321474 6597761 9023375 3365000 6308901 2383186
7439123 9708194 6001418 1251368 1998003 5679294
5690102 888007 2450409 1474478 4592925 9924709
4117036 1838943 3379211 2178538 4442814 2375024
3331398 875142 2073007 8218170 5824143 8503354
9108205 5870960 9824797 3263637 3310171 8897743
9020324 1246265 1306025 5280 6934880 1822489
4125873 7092623 9530660 2732832 2612321 1002334
2003974 2022392 1033877 1262691 2488938 3569349
804671 8084992 3283533 9746583 3745704 5062427
3174398 3052647 3930930 2042586 7969383 8636567
8852575 8403101 1272634 1273804 488018 4373045
4102594 6086106 3885699 2630606 1745349 8793814
9562465 7591135 5412911 6397008 1029261 4148744
8180685 4239062 7090895 6232869 1695834 6583162
5641809 3656044 5377441 852710 344558 3587746
5361983 2604823 5000356 5269104 719211 6192735
5487441 4592502 4752578 5679683 9513920 2205768
1680400 748813 7522552 5447280 8565410 6250099
6012204 5575 2094682 3168494 2940090 4047063
4393129 8600924 4116233 702536 8575375 3852303
4571514 9283346 8226486 5505636 8384944 7159681
3480026 1203973 9540111 6632962 951214 6854546
8675641 5264947 598375 9835010 6802316 3571020
410621 8488379 6360655 7107806 7951552 8873485
6720537 8049316 1356060 8183712 9111606 4079166
2143492 6954714 4595628 9555311 248659 1314887
6242472 8707119 5525642 1015207 2366858 8598172
7660366 4479464 5575832 1655213 4456510 9785248
2984314 6604964 2888558 8272275 9577908 2243746
7638622 7618778 1286802 2496067 6567943 4484206
9918695 1741344 3120091 6934041 7724171 2092530
1598370 1460955 377486 8871180 5469108 2150048
8864707 2432889 5301885 5566689 6954099 2171324
2371468 688260 4967177 7512995 9912682 6661277
7192325 4944436 4422144 6652435 6633824 9914224
3812912 1062549 8464040 1613708 8036282 6247837
9534378 8306610 3031725 6552362 4957339 4488521
2332486 7949987 5808976 7243594 9695826 6564870
1445554 674741 6605455 5993945 4054653 4097880
4533089 3932645 9962887 4519062 6618124 1012560
2857312 7452604 4725128 9937315 7542469 2659200
2176673 4496243 6388444 3230383 2886402 1017571
8254894 4792921 9069865 9979065 2048355 1533021
6038301 6002995 833490 4100823 3749625 3803197
8788804 1116891 5419382 317996 8599387 3028064
4758479 6382908 808763 1051348 4732459 2578355
808792 4429717 4808712 7080469 8789329 9782041
2731749 2972645 5035588 5330843 5290183 1110384
3951810 7103946 7072212 9134749 2239183 8976560
4453861 3118081 6019499 4551970 2778790 9333861
5297841 4055522 4210175 3008871 3880056 4561568
9877877 8544001 6048870 4009162 2883633 5776369
7689241 2113239 4889702 7508069 2479009 6871202
1387475 2180815 3548693 5317697 9173098 1757460
9020217 2102515 7051246 7467113 8960513 1406358
770858 8341537 5755032 4915695 4052875 73467
6826270 5092271 8018850 2575664 2663562 2194070
9143462 8840658 571274 4852546 5062184 4459354
5653492 8246302 6372726 3310401 2424733 7107619
910099 4958436 731514 4066027 9823466 7921736
7610395 4496966 3902789 1147604 7926482 4741875
5330597 1482614 8159991 3743675 936666 9522584
6462261 3815661 4604702 6049234 8208081 2172457
6867374 4145203 7253841 6073081 9074533 1280818
8386167 3288175 2792618 7131744 8201500 8548539
4055247 7728835 737247 6462556 6898583 4928097
2509603 3879779 8985608 5230200 3737179 948691
8892824 59862 4905176 7843078 8931389 8399378
60158 2388996 8932976 1824096 8083825 383425
9735665 8176283 3079089 1670911 6225116 407092
3676248 1712540 2127647 6192394 1957693 446032
1339696 5884516 797608 9049020 4300419 6900346
2502772 9846528 7372162 3716428 2809860 4935721
4740286 696901 7235424 1487271 4857770 2972810
4625861 6570590 2998613 1946362 5405921 7247566
9424886 7764662 3586708 6885042 6568905 2814071
2378660 4520 5731483 5258429 6975315 6510968
3060182 4707658 5247556 2571649 420447 7135726
9814126 7625741 6274257 2444012 5157686 6361713
4168321 591520 5334162 9605371 569577 3953146
274683 4763518 8059224 990329 9113099 5487246
8133783 7894390 1768524 4082754 7042672 6972897
105252 7461195 3195065 8070731 3839217 5428433
9000461 3643236 305645 4389769 969146 5886803
9356745 1465997 492877 4118353 4071235 7905472
4046542 4166819 8093550 7435858 8251546 9182777
5415369 602097 7075394 3223871 8051188 1423022
449543 7736268 215809 8725820 8896957 8252559
1925935 2987592 4221560 1521575 6762749 7522118
7631461 8689469 3595497 8515731 3348364 5737251
7414961 1448872 4939028 8968507 6900066 4548299
466192 3841441 727020 6267295 2689773 9381104
5903990 6984771 7048085 5183187 6335950 9620848
265916 9430486 3016892 9072842 7276282 8330665
1308616 6648717 3005414 3832377 5982974 8158996
1044561 5131211 3963941 7218912 3276511 7151599
9423342 2891894 5975199 4360865 2369445 637496
4049626 3871231 2983534 4115843 9771283 4337648
951412 4513297 9022832 2569288 6737666 5749403
11905 6713222 5173668 5009796 5180386 9634680
6675691 6755431 5650539 5974713 5749814 3982042
570679 3324261 6489928 621349 7117641 1485948
5610264 1770622 9934560 8923195 5920164 967320
2867529 5565147 808685 290617 2902113 2734177
9669271 9255758 2137964 7000628 8506531 43105
6366782 7249127 1942980 1187992 5534391 4824031
6074010 9013847 4379918 3466986 6284308 3499200
2798177 712572 3894816 6106406 6794677 3928933
7854003 6441060 7918631 9117927 4547861 3533228
4596985 1180306 8391676 2747534 9887045 4210693
6390145 3635883 8329283 6464020 1502194 2275255
6079582 8588275 4243318 9983106 6447630 5876183
215543 6934903 5502371 8049948 2799627 1835910
4569880 9612088 5329599 1245145 4089150 9198234
6857931 1485167 1421343 674171 1508614 5856704
737492 1632038 6629436 8236520 7156787 3781036
6693085 5221454 5114747 1581298 582112 6897364
484940 2390392 9750600 759099 9435761 292721
8145419 6338642 3759701 6644703 5984176 9506006
4733716 4990634 3122297 9920070 2824793 4952298
5388233 1474270 1943278 3268850 8723915 4745725
8216863 2726036 7984764 4115901 9743300 1883867
7418739 665064 882602 5416679 3976231 5053619
4347466 8974240 3381889 5731156 2637935 3607141
443795 9516992 981790 8728510 6260515 8242323
2307877 6697944 6942291 9843637 7971271 2037827
8032342 1085406 4175515 8137570 1250394 2713202
2556668 4224220 8657166 20953 32258 6436882
8972600 3619710 5254373 656370 1327644 3229050
1615883 2010769 4280755 1475483 7538916 8230979
9506107 3804697 3155624 2397789 282048 3459205
3571909 4281232 9401711 9715973 6231866 3077144
2765713 9096952 7185282 2828032 5340137 2197073
4099283 9496067 8354375 4630811 4814900 9981757
8017200 1461200 3526499 5686810 6637830 6726825
6918226 5999254 9239752 9588956 32571 1276305
4173798 6431588 1170299 7217685 2112278 5344710
6603384 1113095 868508 6125856 6330201 9425856
1751278 9427395 3580217 2556480 3200709 189205
1058921 4802346 4753443 5454706 9455787 275080
6949503 7424978 1785055 5822415 1757107 6647183
3998779 9723431 9910017 3318213 3675977 5281654
7866121 6558209 7061484 3255044 2331513 3051360
8332501 7897636 8573621 1104838 9246196 3785069
4392189 4250002 7193180 4405224 6941435 9877620
8318159 6088506 8824417 1373969 2912152 2519862
4721861 5083293 7841811 502234 6851997 5460687
4709716 7545609 6715850 3590918 2377825 6347155
3643317 6596610 2558926 3808242 5496366 9074271
6984918 3939341 9255238 9408021 8415713 3000252
7513385 5242607 5633772 8847069 1373423 3642491
1067164 497161 4414023 287776 9208382 2305316
7599495 8600087 9749379 212344 8713986 4710662
1555611 5573255 4917095 9988720 9222935 6766688
4431036 830631 665575 5086536 1008507 5548696
8008428 1006842 8667332 7235318 5589633 270033
8228776 5230442 6779927 3223499 9919366 115018
4129669 2063127 4022706 6843436 8144140 3524807
5737569 414977 799878 7908412 4675533 8437246
7334676 2566208 1688964 8513706 8197828 3449736
5804101 6231852 7404145 4089762 7706586 7173119
6926882 8623047 7487187 6085758 3451780 4928007
7764785 6067431 3074005 4643900 4703829 5236098
4973808 9595968 781078 9472176 5670067 6928242
1988842 4036250 3627613 8832912 7826183 8193946
7507546 6754396 4284728 4694986 6457261 9270859
4299803 1217142 3803541 7684734 5519737 8436788
8121527 2367736 9034441 9877103 8125562 5755703
3343472 4556386 1073084 6403916 9418832 6067851
8013202 4898273 7838931 6066618 1321636 9326305
5870528 9718275 7777819 9426224 3974825 6197108
8979747 417961 6831939 6455970 1753377 5876928
6668091 5031719 312016 6596937 9763659 6366601
641956 5298492 3841407 4313829 3639209 6203630
6678517 2404238 2625198 9196912 4582819 8700325
3696180 1068239 3362366 7091747 9915650 4497348
6702674 1432318 8921234 3065990 3222591 4452161
4452596 7077119 1395082 990338 3103852 4634237
9755860 6628950 6740007 8179147 8860101 7891696
5864979 2375807 6467295 3635061 1809402 7746335
266558 6833874 4437798 6805505 9254814 3514200
5872627 5725567 9814560 4993290 3173418 1976556
3513973 4083497 1416269 2295891 9912240 2994720
5801859 5473795 5509055 858891 7151909 1489898
7892437 7163234 7193450 6394014 7826755 9480240
4611699 7857802 3595180 344901 8600394 6726661
3250359 6425352 7758538 5337052 2246667 3094011
9277540 5490094 9654137 4605813 4166410 4994467
5593500 3850523 9196342 6670328 2613249 7872659
2805594 2179804 9064399 2724004 6277812 1411942
4697927 5062694 1243408 1716108 410591 7831364
4138718 7344923 1460199 6116371 4078098 457540
2927765 1940888 4056520 6643877 2940669 7193210
4474338 8766740 3682440 733431 6376462 4314025
3223479 4282620 2705891 8416307 6833879 3230844
6363665 5037028 8611009 6496303 6352702 3430307
327879 9359639 3022589 2312879 1529975 6832788
1420011 4290535 9405111 7228894 9860637 1942114
5656169 7462885 3202527 7478478 2755035 5101690
7257432 9083808 9345993 8348349 2438826 7034710
1785831 3697855 2095495 6552100 8459766 2994898
3532426 9340987 9023218 1944071 1924424 3208893
3668323 2430861 4224656 2537466 7948817 997623
7790585 8388616 5286808 6436858 8267302 7965449
5539486 7838875 8844439 762374 7593204 5866848
4340280 1850891 2950418 1334842 2399978 7567619
4562702 5199979 6175215 7452086 6000763 8029274
236291 8638189 150473 3424885 4851617 7823644
9541211 115678 962408 8924330 1021345 908308
5340110 9836702 1899109 9840049 195050 2230292
6724042 1971793 3013678 770438 447243 8489245
1881264 4470112 6913214 9542266 8558048 1125488
8188811 1469274 8675200 2316102 3913626 8568870
5663769 8534970 784820 6950580 5658340 1439103
4445782 3841895 1348883 751269 7321480 3747690
1335761 7888934 6199801 9694847 2085912 1545153
1387266 4621284 4689782 741150 7378179 8262926
7425051 466723 2921435 3292876 4577360 7834937
1638642 2534947 9918989 3126761 9030950 133729
7184164 6759250 9566030 4189823 9595965 986326
7683123 6410298 6419002 3702025 2027025 711322
8787977 3834733 1472672 6988550 1084464 4063595
7487571 4538094 56428 4762 8200355 5577898
2852738 4037620 2501099 9206141 4734936 8812040
2315294 8839417 3975304 9386392 1306968 5621926
8854189 3427841 104838 8031469 944021 7079937
8601758 3007172 7054343 9040368 2537625 1004538
9606601 7009786 3392655 6874137 7119087 3836874
1124522 8875031 3191273 6498972 950877 8132702
5838629 4569349 1659941 4498506 1732135 4120166
7511684 7832596 9442517 7326278 1088073 2378948
4276320 7328063 352546 2206294 5386929 9162975
2822576 3580204 2712227 4365245 7244559 5522499
299113 2437936 7084984 3835823 475795 1229132
7391238 9377450 4121689 6037720 8122710 7517496
1345923 2777522 8267491 2392365 4642048 8615474
4043012 6256854 960238 9288166 6812839 6744482
6594457 3686899 1390042 6569559 195038 3905038
2928169 1657006 5006664 1045291 8959878 5859590
1981965 1992198 7487407 9081935 9510754 536761
9869323 1908097 80305 6311750 296361 6818818
4248553 748481 9806143 6017448 6177287 3426048
1355472 9537447 2895818 3509791 948282 1524861
3967832 9645061 9090724 383382 8732887 9546093
9441717 8673210 6779199 1140088 1125659 9784831
2544725 5679252 4493128 6587989 672663 4564924
4354409 1929204 1111052 7225796 3759498 9696223
4593825 6693804 34351 9009661 6131437 9696984
7847374 7455475 9675513 3459448 381231 9842902
381338 5848672 7159918 1571778 2413322 1499050
4877210 7278083 612184 4828633 8733820 9994042
8095645 6711618 3357255 944989 8237456 6893941
4879765 4012496 3126692 8666579 9995579 6296451
4927927 6015426 3183162 8283464 68533 2448760
7789938 3920313 8604926 2103610 7169282 5278914
6133442 3006348 9849762 4031896 1218401 8727556
1595119 4794590 5712744 6685875 4884188 1476537
6508608 67856 5355718 7107047 935624 727969
895626 8381710 2179122 7066468 1077733 4633767
892664 7818837 2133922 2210744 2544848 9812928
7263342 3768016 5095526 9426713 9614314 8826859
970515 8774320 669041 226843 222489 6064864
9997473 3171000 5277671 61468 9000884 443376
977564 9178039 4419000 8723035 3794193 4064148
4985234 7007831 8202764 3616711 4561769 5440142
6972774 7565301 3950300 8930496 8979604 5230148
6805330 4123968 2886059 1637457 1260276 942437
7902230 8718924 5548049 8351788 9491016 171933
4496114 7980256 9264042 6930722 494719 8095464
3338067 6814097 4284850 6185912 6708612 7418465
3833851 1179875 5602385 2774375 9839705 7399736
7520770 5273572 4211152 8965065 1041314 6290214
2671506 5082074 8240222 9430865 6686041 6892572
8384730 8762577 7690065 668405 683715 3676384
8904944 6384606 2691277 7189162 2500262 3551182
8425066 9519498 4742927 210581 6705358 9460805
6703940 3224671 1325110 7187309 8205192 4000679
2629667 1422297 7702351 3901057 2128512 3657268
6767687 9959058 5683870 8070018 87938 4829162
2860757 972874 583271 5509948 2197032 5023064
4795509 1934878 3210396 2191988 9639090 5219946
4688155 4075419 5688643 8705495 9350873 2000066
7047064 102583 238860 7713288 4834255 9968790
886740 9085464 9862497 404558 712160 2757747
1940635 8170081 5408007 4726509 4533449 8637396
6665903 7984898 5905179 1988893 6791945 1726568
3189263 8693774 9300275 3197345 9441072 8693057
1810818 3631996 470420 8905907 449987 9046720
6532843 3359025 1716283 860801 5249413 3892434
8537255 6989585 6289772 1040826 9073716 5105816
4107230 1998504 4019695 3182428 1248460 9694921
9948536 1093806 5632739 6483847 9460480 8009950
5224866 1930086 8164339 1782676 3764411 333184
451969 8269733 1101251 2182751 764755 1470198
4167719 6101544 8018979 6742391 6126955 1646094
8645644 7846133 4985174 3183460 9093527 2932172
8241243 1542805 5356061 3799951 2460714 592142
279819 8729161 2091987 5127443 495955 8051965
6190261 3700141 5515419 7085890 6851499 820003
7557187 927439 9580880 576159 9556101 1140632
6388740 6635675 883387 1161699 2913213 9357038
2041354 2362559 4977360 9901028 4245325 8533683
8327761 2182322 4119593 1100638 3551843 1306074
8353316 2106653 2317919 5175804 6445319 1984730
6247374 7446276 878108 5733915 8965315 7632921
9819797 1016198 3377540 8984968 7579946 622419
6859156 1344333 1947806 6418588 2979681 6852620
1133756 7747148 653482 5815649 6393422 7871086
5254992 6298554 6880631 590001 331613 1092109
5137235 1524957 8012812 7031412 6059728 1459124
5667657 4311075 4164470 6994223 6168013 5962306
5466505 7033782 3511763 573321 6406453 3189899
7191006 6567527 9191116 8801153 1914989 598402
8465568 1005235 5159388 897447 4945700 5162070
9862978 5112174 3091007 5152743 5571477 4897431
6963889 89933 8248490 7070894 1664423 7760756
4690467 3155385 2916897 2031219 1556363 1046047
7966883 1635935 5099142 1983827 6713588 4838952
5379284 8948482 4113120 3046134 4971362 845703
2883843 3954890 6133208 2504365 6300779 7384865
1346968 3059063 8750672 4743124 6796519 9270541
9264813 7896503 9623568 983625 8560572 4283120
6878137 7922698 1378463 8758683 7121065 4930684
751721 3292238 6222790 6678132 2687579 2764323
9010521 3687459 3416822 315855 5919627 4631590
3889106 3778408 5292495 2981849 1421387 7278328
2839394 3098654 3206638 9692175 551238 2074817
2300492 9054830 1252887 3793646 4349240 7861755
4210424 5000809 8669029 8440754 7591959 8229782
9563861 4066517 7563392 5131937 9083675 8985268
9849767 3843343 5983748 1408702 4464237 3459635
3318123 3427849 399957 4934382 7182491 8056951
5868570 4549728 1427515 2018373 3873802 3468005
8599564 3440229 4986980 6065104 972673 8834096
1944225 9483756 8477961 9792798 6170707 4619758
7105225 9207697 124581 7765333 8977343 263334
5877325 2866322 3659996 5611864 3643931 231647
9815054 6187148 1283468 2624365 9561377 9959485
5077873 5977280 2477886 5031916 8167571 4704361
9889777 3136489 4977078 4178235 5758892 8974982
737966 1524251 8257261 7480184 2210152 9227951
5295832 8027453 7101929 1506818 6417911 4673545
9475643 9879421 2970667 4924674 3236811 5905735
8812446 4150449 5981438 5985901 414182 8823342
4429410 9222513 5424244 6076372 8631753 2460314
2340885 8152980 1586638 2419508 6991912 8386766
9365016 1752112 9548431 394383 5291344 3203161
8084534 4047558 7764670 2715432 8665474 3721814
1604270 5665763 6664015 5080227 8216027 3935162
9028051 3801094 3917814 9843583 4646259 7370896
1842264 3425548 3955981 947574 5198212 6742108
3622511 8531499 3035969 2163931 6667100 1471160
9090092 672525 1089545 2551664 4306058 4737175
7495537 2301955 7871266 1686951 9241940 2779635
2528395 6143497 7328271 2726324 9060987 3559298
7846616 3218037 7510192 2547051 8752259 7018691
6611428 9330136 1493200 1356847 4779260 8945382
1551852 1830532 8718645 9985043 1678539 5902974
8352405 3145014 9424514 1688333 3612092 771461
542264 4377377 2789522 6623224 71352 1700228
508008 4882834 4982925 3116721 8724982 9304401
9436112 1924632 5099043 6876544 5968633 1048100
1374326 5417775 6459870 5039971 5061145 925892
1281118 1895432 5860019 3845765 8524150 8132109
6781366 4412407 1518581 5617967 4318610 1598540
3843359 9320274 1165935 9543111 1335357 1102184
573593 9127259 3647293 8361543 343216 2791147
3449100 4055290 3896560 3944306 7366652 3446342
9929133 8456273 2669743 735730 6439213 2976767
1341347 1339360 4001588 6080509 398123 7607935
2523540 1848403 3365184 2073581 7128559 221550
5451545 7569861 6379274 5810840 5718162 4270815
9056187 1077075 2939982 929270 7120750 7956360
4738339 3113503 3871465 2031667 2072734 1072863
7307293 5827769 4297997 9813984 1092670 8986330
5384242 6101508 7156462 1808115 5898668 3488167
1680235 3326854 4834074 6571065 7776527 4488595
9291704 6760318 6826325 2490912 8958691 3243564
5967580 3408118 6904883 1319717 2561702 2931988
2535560 2823639 8122972 4964770 2404248 2359002
5775290 4863317 6230426 5713664 8644418 8026859
1027032 8657155 3706021 1234349 948637 4643203
3606542 6937512 8678974 5984732 1342192 8759386
1054295 5969909 5583545 8822901 9050324 662607
823047 4220377 4209764 6745382 7721650 8338904
708957 7309924 4235470 4617091 749565 4993477
6575853 5963516 3950659 3977031 6564794 4510962
2109174 9770244 541727 8063521 810909 7453651
5264847 5789369 6307411 1467389 7585261 5820832
1558217 878670 3575846 8420993 7569874 9251861
2619122 9820119 4251428 2651098 2307821 717774
9726372 4741760 3300047 1790271 3176408 3862897
5793603 7959547 7577722 3483225 7875044 6082373
2887809 8125396 1332986 3271190 4130002 3421203
5330286 3881998 734065 2940407 5389890 1914893
3307238 2060722 6961964 6969316 9425947 2205242
5034632 4867655 3403934 9394441 2628392 6724901
172008 5016608 5702359 5993277 7272466 1607173
725368 5581411 5517096 1376779 5721115 4899371
3520222 3048442 3213226 6705366 4555965 4306210
1336055 4320510 8434943 4542458 7195353 8953175
2739493 3470448 1099294 1212143 39078 6016313
4877059 8895470 7821182 6532868 1248462 9633918
145958 1799125 441152 2209845 2104810 7143902
9542390 9666583 7416491 1032336 6599144 4292548
7326654 9055312 2408133 5144127 6952188 1725108
5326526 9086379 946352 7689099 9451357 8478589
8669501 2872765 4173273 8949777 7907772 2157708
6249677 1952443 7959888 4764440 5472320 1902421
3652648 1101358 1344560 2022658 7070003 5666854
7850308 2532002 8844950 7867860 4244210 2871482
4690598 2485201 4975302 1624434 6792761 7348862
5573347 7476386 6099108 3011820 9027424 3432490
5905263 987773 7697994 7500471 2466636 1063402
2877382 6817878 7661827 1788391 3766997 1779418
4113840 6037043 2390096 8062308 632888 5352671
2055772 765248 4728744 5681729 3519566 9136642
4247899 9010874 3036326 2517300 2115417 8449044
2290990 5681023 9045615 9004041 159336 2573110
2733347 8925602 9259575 3750557 4809382 2533647
4755627 1701995 8297032 1370695 4642684 3616284
5506919 7471731 5528903 4441992 1506998 1108330
9869561 6250898 6021674 7451635 8365743 2652833
4116632 370143 9630270 7242270 7879800 6358000
3559225 9981016 499078 8618102 927880 2293900
6007179 5487793 2373859 9720223 6164488 6613379
1999485 7899246 5186444 6680960 4793991 9363501
7423878 9968015 2504521 5004661 9204503 3800732
53938 7729235 4433465 9947523 5914114 2634118
1594613 4999721 9852676 4390582 5396125 7148362
2170371 8813982 2136198 7936453 5690463 9094202
1076189 2402400 891792 6972099 9598204 1064384
4159342 3114868 8920692 2439031 9637409 132756
6141233 7059919 9461819 997946 6841835 4153723
1717576 1945876 2219543 5978395 3295521 2182380
7427548 2236399 1268470 4760512 3295385 3199098
4526256 804774 9774551 4316329 3540573 6433145
9991579 1089553 3359246 1956327 2871986 7659034
452499 6546385 1682278 6452340 5513523 8748517
9730982 1297250 9527508 7170911 3990652 3805080
5296697 4397524 5868874 6374952 1563265 6608768
7314412 5423656 6905379 7124605 5864353 7849556
4276296 9786568 9591915 445180 2615372 2003208
8066983 3467701 1096188 5858216 9504868 7412242
9689547 1963918 4224318 8217315 7365110 8552249
8068119 3999381 7289191 4711189 1898765 4629085
2183449 9842110 9869865 5287944 7640172 332914
2751165 1153963 804450 9884255 9958424 7207287
5793581 8972811 2103076 2995872 3585368 6185262
5967825 9427913 1294885 9049056 176038 3020646
7615457 4060910 9408148 9597081 8662649 7456962
2694154 631866 3825074 228444 4010045 1617144
7918661 9855153 5495518 6300667 448266 4972918
4687681 5522759 9560410 4627676 1091008 1975641
6518360 4327082 5400721 3849079 9312134 6205836
1750845 8891957 6950519 1814346 3846142 588627
625221 7294849 1762043 1922117 9241536 1720987
1620971 2576081 8549250 6733520 2704736 2723805
8170260 911417 3880217 6173619 4035592 6551331
9064838 5146565 4954662 8252507 9212442 2522228
7846597 4685336 4797975 9362921 90689 4377033
4994311 5338200 435879 5072098 9978429 8279618
9216869 216613 3100570 7039409 5038414 5111644
1633019 7496825 4977497 7211813 8136334 256427
1772739 3014512 8491547 2287846 14893 1202766
3148603 2734551 4683030 1377621 653484 9956957
1825413 902507 5521983 5290074 298590 4074827
747776 1878014 6148740 780050 4781686 6614465
3229760 8875431 9185540 5350425 9208865 615412
6142081 6147185 2416476 7574372 2517124 3998724
3871320 8013489 1668553 1432461 8566607 3348124
3747526 3501961 4760351 2424042 4269194 1456093
922482 4439791 6158607 3465771 5272898 943436
9853101 7751181 3027758 446330 300111 4771521
445357 6181267 7867915 1818457 3071051 1360221
7087346 5133310 5587591 980606 4824172 3879354
880404 5569644 738635 1194300 2280312 1705022
1636410 5299829 5948052 940542 627594 3394680
8650144 8707746 5914365 7052942 1897283 9325144
8798521 7678424 8991352 1461465 4817820 4725169
2361692 4579252 6876253 5905085 6930088 8492418
1278598 7686861 3777939 2200420 3217138 8092165
7770883 2843177 2033192 5729504 6971286 8280860
6747411 6606786 1877693 833705 5777244 3773970
2834498 8913430 3550019 5207365 6080588 993163
15186 2061894 2639920 5167454 2098343 8640027
6251005 6169901 2354357 8662953 1177192 3658276
9249558 3937804 5700478 7092077 6177257 374577
4174533 966062 3632573 4602433 9089784 5740389
1181866 3129834 9657068 8990915 1641463 5395897
2703043 2320261 5781681 3049802 2365290 3988805
4509099 1872081 2652067 5952346 1281906 659971
2669198 4730110 9731034 3365604 1301379 7828733
2989663 6454192 6406129 3747044 804230 5270225
1922079 814754 3238889 8634700 6994263 3463236
1233066 6721155 3521779 7546083 2042545 3858060
428639 3630543 1728760 5364525 3906417 5121613
4264039 2539961 1801570 8861567 8222763 2184600
8988885 7234660 3251082 662580 7137992 444461
5109668 4987759 7014576 709588 9729320 9992557
4379135 9098008 8863670 1302782 5845161 1493928
4074540 4135249 1826863 5563612 6442017 4928803
9979384 5965074 5456006 1714288 4164507 2083827
8685442 1060021 73436 7557856 5447079 9596763
6668898 8880467 6875317 5683642 3933387 2766985
4587555 6392760 2237146 5803375 7312292 4956768
8000651 1289272 6813813 8950892 973364 2417583
4767492 1589457 3199425 7944864 681963 6202325
3484105 8380898 8139861 5236024 6874862 9807609
192103 9515531 8709361 4918365 9035678 9508979
7447836 3411938 3726857 7160714 7764965 6094933
1318562 4096521 8745132 3511114 7013483 8178379
2265532 2702650 6239917 3643384 1831582 7358483
4348949 8622050 7252394 5525900 619049 5034003
6743786 3935289 7846621 994635 3031093 2682752
8823522 1182243 6802131 5268941 9472962 8004880
9345132 8671931 7986269 9703515 4305191 9949156
2739699 4581662 399237 1141816 3438260 120875
4519120 9882029 8075221 9375451 9697511 8405956
8143664 6333679 3586975 5676234 8530623 1789100
4970076 444788 9225250 6977260 8831197 3900639
9614016 5624227 8236725 7058549 4656737 4111321
5883551 8593129 654282 8529063 1532944 70168
8963233 5435006 1960734 9487327 1716339 8565775
8448075 3882967 477086 2620100 6233 8133424
1359801 6415295 7814019 4679384 2750426 8149704
4209865 2338459 9181113 2247448 933537 4518667
2284082 9052350 4940984 4137320 3601293 866598
5820324 6081104 6715366 9281603 4780058 508942
4092412 2090647 5968929 3378233 7322783 8048955
3228560 2158146 5543744 3906839 608627 4314880
2879462 5494053 3552281 372308 2713548 3666118
6210183 311951 2599241 2896473 4599068 5919070
5168645 8525782 1442533 8102132 3311399 3456749
1010721 2594195 9979108 1927756 216944 5696992
2832933 481528 2860888 5730640 5439365 6721428
4338595 4762553 5322629 3062894 6980560 128274
3767451 3586725 8533794 9165085 5845521 1340462
8961617 8256334 3784178 5923668 6334986 5595299
2474158 7001783 6415340 7206880 4492729 8350186
9240504 4841582 1922888 4978517 3621389 5561627
9661143 2139582 3760786 5345139 7170139 6942935
3416918 5272960 4621669 4579869 3237895 4539765
6734481 4468750 1837335 8786657 1265314 9243192
4676571 1234442 9250317 3406773 5047030 8699792
2732062 8885193 8008008 351504 5155308 4984294
6919871 3158116 1988371 4937850 3236806 4371564
79258 4096674 1553994 6779628 1684309 6885876
9742322 339461 7933909 2987552 5163700 4504633
4961475 5222770 5546620 1139111 3747121 7362620
3208754 3525539 9072850 8500317 743057 1058896
3145499 1806473 3336488 999549 121781 836968
3505634 5443060 2569013 7611480 6330077 5642696
1710128 8339037 3561245 8311816 719676 9299126
5709199 9801162 4707286 6274962 8915589 7000725
4828556 913377 3877754 8537287 8246355 7139513
435012 2648093 5652668 6390694 4411353 54011
1935068 673325 8932053 9555490 2495299 2593890
848956 6471524 3683299 6541855 6877816 3506974
7526812 8303960 5449870 7429073 2258138 6534401
8884763 4577196 3388435 2639519 3518658 5579137
6367322 944852 2129818 3835167 9459175 6315782
4439183 2524666 7328639 4287172 6629212 9427264
4626146 7974646 7418698 3787053 1252312 8959250
8457728 4004009 9715383 6042843 9227741 8415131
2645623 8314507 7927739 7692588 9323434 2127624
9833093 6611032 601349 4283759 7164158 4747535
8519949 7178143 5877407 7805473 125995 5320114
6799750 7880822 9061028 3929518 6525254 328015
6528607 8926673 280103 4766842 3890372 1889233
7089934 5021862 1149366 2646046 8852069 3198990
4358635 8409381 4159855 828324 9550486 7685412
6378607 1258626 1889559 2205696 9858030 5277733
8242362 2798354 2399014 9156491 7972720 414959
2211922 3837126 9722202 1181040 7223820 660968
501070 527781 8843407 7972728 6871382 2182888
8824579 7385303 9070027 8276458 3242412 8046677
7785806 1808714 6760511 632657 5945777 2759162
3385202 653164 3086497 8672612 1410727 8589188
9022389 9044721 7430220 2948562 9605982 3229168
8778858 7694981 1959090 9768283 9750316 5014622
361327 9181820 7086633 9845309 1284753 2772472
9781295 9768161 1972113 1463616 6764414 4512297
3282204 317122 6035456 5647349 6663381 8447073
202334 6258655 413157 6298063 2862231 3777912
3583460 1227175 3650500 2059624 3373868 3384713
8962177 364729 8708775 8294078 1814537 7903814
6144914 656813 1200585 157738 9346170 813177
6361417 4787096 2454055 2656484 6362273 803414
5218707 7426517 6176747 8778309 7002150 2100292
7439534 2730483 4497463 8683835 6558749 5529533
4748405 2251071 8703406 7818703 8630358 3095326
3826294 4268702 2589030 7325803 1860928 1289905
2099996 1767560 4446152 292699 2839805 5384403
8442574 4282782 9615015 9542924 9291687 5592608
9565512 5804748 272609 5097676 6966112 851812
7169166 197374 5978615 7265323 8033967 2684210
7537530 6612768 7904853 5900018 3591433 2607367
1868675 8505738 6089689 3361964 8298327 2679572
4977892 3532009 689086 3171892 5590311 2944181
7312015 1050712 897850 7764500 8182728 7741045
1213619 3922325 8483825 4628758 2991787 3673859
4151702 1437034 9707828 7448388 4775140 1539195
990954 720319 5156968 8857597 7415694 6636018
6411133 6787874 8788706 2711225 3569550 1229802
7451089 4208648 9940702 9623659 6089736 8985125
6123392 2540619 5277351 6576709 8385362 6552533
9334375 8569461 2545805 3281220 8156050 237075
4310910 5265968 136652 1548166 6342396 5788602
9022096 2606650 6495322 385244 8430575 1654420
1230935 9613789 4906168 7695056 993273 161563
8393031 5203046 552228 652365 6384632 9693986
5209892 8078338 2914522 8297580 1245754 6844379
2556804 153392 7877629 415584 9771567 1275154
7760231 4143026 8459347 6970030 7554962 1839416
4250924 5024404 5633837 543531 8713026 4069360
8141279 4260378 4543938 3535758 6526248 6802616
1138654 1595199 3214289 2463122 1917836 8235798
9026370 8865624 4063586 2545614 6428328 7829564
139011 2681345 5978781 9409839 131681 6360504
1218640 986180 4806114 9589565 8186617 8619940
1253246 3550095 8922395 4344931 7928396 5602520
3582522 1441159 3355417 379416 2044358 8495535
601739 9298686 2366556 3972525 2702595 7859791
2519334 6575620 581970 6299115 2614975 1262299
7277574 3861546 2232382 229548 2118009 7917047
6181472 3677954 3283891 4762157 199571 6270771
5345958 6776131 4412541 7578864 6295489 5153981
2413505 6576806 2668943 4029055 8854345 407755
9767742 9004241 413773 9648935 1748450 6026561
8444894 3010361 1072762 5456501 2442535 7940896
9712521 3917507 8944312 6436599 8124787 3032431
7087417 8767217 7678172 2845158 7845321 5362524
3856947 4840092 8336431 2966879 4493344 5614765
5908503 943359 2250717 6776694 8959191 3004494
3579292 6602894 4726685 8625806 2342147 4855716
5247367 4264816 2866249 7121029 2831503 572497
6035243 1763520 2548600 8171427 753912 5448939
6222453 49951 37646 7884014 385195 1216589
8600957 3624485 4986283 7918874 3414205 9240094
9455068 7067903 2564662 5508384 4531434 1797036
8780280 856047 9861816 1232704 8778487 686912
9561568 9853697 4510982 2062317 3759383 500402
4049112 849034 8352245 9116666 4299069 3422244
6292742 1047564 704384 1910745 491925 192176
836472 3406126 3445561 6051894 4922872 3235652
4383538 1988187 2758109 9315925 9961292 2293835
2003988 7601093 1949974 7736135 2162810 7189762
3814665 5891661 1136859 1152567 8800372 7057885
1065854 76432 9506554 6298454 8918761 1025287
7838640 1196243 7063934 4347588 2878906 1566858
8821791 4561490 638490 129459 2628277 931195
2051727 9315440 2410173 4361470 9826862 173282
8043711 3387224 4136587 5354318 4038784 2410985
8874007 4801423 1316871 8833402 5268670 6116416
2786945 4735239 9571065 9083948 9165374 613691
4300952 2111437 868300 7100928 8830403 819582
8128631 5741869 6792133 1058342 1762620 9773806
298322 8337129 120800 7093102 7034048 4004719
2856229 2396053 9537475 723148 6489823 4777687
299458 9418000 4491964 7645384 4878432 7082446
1346414 5827533 6927114 7665940 8762440 628276
8585554 6665307 6662463 6659294 1458676 4184310
6059489 8485345 7577459 3819743 320056 9840
2928130 2833886 4252418 8601537 5929263 9828646
9172308 6563239 8160783 5246706 5567718 3682548
3352343 3418353 5570980 2999296 5350797 8206266
8086154 6658561 4200212 2759725 2499226 7978733
7864225 6022107 8324564 6785270 1454750 8801599
7892005 7394404 4025498 9307475 7523697 4880834
2244103 1735145 1578810 2051931 2396183 6203842
4881348 2426356 2403067 7335268 9144656 1966194
5860037 3558986 6633698 8169990 1226789 1101797
4437132 986751 7547822 7455720 6913586 488725
151351 93873 8526026 8717611 1119816 2653225
8899665 7724199 601427 3463000 7379821 7387132
1090408 6233771 4638483 8579513 7402515 1097366
250276 4125424 1900570 3224741 5103980 7369797
7991449 3151462 5162112 4551155 239983 5720776
9561301 4076527 9777720 2858693 1690657 5532670
7712471 4411380 2699711 3503213 1876799 6349151
276887 3877613 7627812 3146636 4183829 7871625
9077291 3711107 5314829 6546183 7447183 1471513
5423041 968400 2364822 5337952 4433831 1037681
8697620 269909 8932387 7040160 9122794 8706096
1115586 7616329 629494 7188336 3290342 4035146
3789204 8317628 4496548 7524720 78149 4895217
4877522 3492304 4511547 6251814 2142039 5921504
2058603 2112193 9310918 1362784 1012306 5749384
137878 1996090 7834439 7478170 2800011 2397559
9992964 6911556 8349692 1079142 3651423 1803403
5006607 428562 4328030 8584871 6712843 1660517
1132652 4138373 1749838 7118413 6416615 3636490
8323310 9797443 3140599 392120 3918565 7690046
2301301 2831500 8918115 706544 7017856 4837989
8778415 2132659 3978666 6197004 3577616 9004543
9371763 2122021 9713668 8870861 2584827 5217558
4238098 1304075 7842798 6795867 1419116 7495710
6098214 5022864 1488140 7573550 264457 223757
7197505 3301023 9691632 7570420 8822815 2779137
8464601 869710 2511380 694432 1484554 6112197
1428319 353985 6746360 4835162 7242731 6806980
600986 9922737 6311420 9430515 2522604 6188450
3332993 8250087 1281421 3253471 6493407 3291923
381839 1127604 6700811 950252 9195735 7492872
6139132 7256529 3221165 2823317 2963865 6928814
5130967 3532708 2307441 4871161 2259183 3679893
3287039 2260814 4900329 5461098 6736683 4319350
6204427 1517774 5486808 5924029 9246522 8690177
9610195 9047314 1866389 4291515 8650933 503498
6620659 585604 6694380 2342100 5765601 4537676
7219742 8875528 5585716 680598 6883548 7147422
1456411 7034414 7163774 789482 6026377 4671788
6316412 9365890 1809567 5619199 8452949 2075576
1734149 7361776 4791465 8252939 3622489 8209748
4942594 2711197 6387475 4341473 9278297 37437
551287 6947692 5154752 926265 3114105 1933059
3955769 2375152 9114201 9305090 2422135 4736396
9645150 5072761 769514 9211365 8843190 2518117
2151473 1683152 7861255 5071589 2766122 1739893
4263565 7586931 273073 5212853 2508251 6197067
638253 2413468 8793526 7355545 3087806 4493615
2293963 6267697 5496037 366919 2012390 2864813
7396087 2995006 955614 3043860 7571781 1574447
230347 9675658 6998302 5607344 493860 2327223
8791340 9519531 8178334 8975395 9758730 1808444
457737 5671863 4254091 92120 5468666 9108240
8514374 1034957 4971580 6357510 2979297 2863105
7310486 205505 7276297 8015033 5969968 8229685
1916692 4849786 2805305 7454106 691232 1145998
5527403 7617716 9255698 6106865 7246762 7832979
380018 1609784 4809830 274689 5165838 2825136
1496133 2055997 1746615 3896099 6230723 7478817
5270163 646269 4481301 1923983 5272327 7837526
137486 4282715 6294034 949250 4019044 2561394
7199756 2784945 3196100 4552696 1115834 4089894
2316318 7622686 2077111 9238003 9152705 3583004
2912383 1647347 3562350 9012410 796707 2493237
7657793 1883981 1871342 1782645 3894249 4522408
7138154 8412374 6860058 1869863 2415850 9774185
2332943 70810 5020401 4503320 3229130 6810246
3950061 3188800 3296623 7054905 3662392 5424753
6089388 7955120 1914111 3226360 9904661 2807420
4727040 9890816 2062027 6275942 1547663 8144020
4799180 8438442 7743094 6655120 7132111 5739990
6360173 6700028 5724946 1592974 9736764 5469597
9894068 403817 2398348 118417 995106 4249701
403122 2011729 2639249 9509718 1277744 4784208
9413153 9751425 5243223 8433682 8533953 2425199
2400852 5886163 3516541 4104435 3926095 448363
8762026 2270883 6863416 9798197 1070301 2149919
4052152 7844566 2126306 8864287 4372846 578778
9669953 9528441 7871744 2656551 9224034 7332114
7977073 8882648 7646619 4281687 3489059 6656290
1989152 1853175 3639347 5580075 781954 1838172
904255 515235 2267135 9274274 1859295 9126224
1864547 1700688 3635230 6386236 9817057 4678414
7192812 6696479 3600175 8986105 8031462 5436103
8468476 9645715 4912698 2675379 7573842 3739242
7857722 4485445 2607025 2170009 2948808 8921036
362185 3664303 3206906 6858739 2667405 5136994
5257846 1541854 2998195 7857919 3596113 3091406
8488025 7445821 6201870 7853779 5659258 2614283
649247 6679422 9070149 7439542 7799009 6693935
8215365 1518189 516400 4270892 8945331 6412879
1172094 2913427 7418618 5879147 2280207 2721904
5694103 3847562 7671314 976598 3065433 6398705
631961 2300196 4430926 1111056 9499441 103183
906958 7924174 6694576 7537996 9865185 8096109
9459393 4407076 7884011 7861594 3711302 6901708
5042720 6215269 4276226 3155853 9190260 6597534
4822002 3735605 6477489 2104135 6764235 4662650
7527182 1665258 6701140 9794409 4174848 4651788
6593012 6977465 9393919 2757322 5684891 7790259
3713507 8224147 5281552 3805949 5415689 2331617
2581029 3135733 4336248 353423 3508175 7574236
9028324 1576741 3562076 6870015 6642182 2991438
168536 2332908 9916856 2369650 9078171 9563058
6990319 5973900 1666935 881248 6676940 1298543
476469 6457406 27828 3841304 717289 862362
9969573 6626310 5268284 8908960 2325625 2583243
2558753 2555917 6536001 6646983 5050974 1043461
3748426 5340047 4442369 4804250 6131713 9781596
8369946 5448415 2956930 7572428 9728622 7813558
606767 8151408 6675280 5340005 2703005 7531215
5881258 2540402 9060899 1640393 1248846 3402890
5960392 4271117 4043796 629972 3019096 5039172
1520009 5043534 6657944 1601619 328688 9561741
607625 7969369 7036191 2343143 2165332 3326261
9250956 1861814 622145 9487099 4154050 6512537
9175983 1070419 5583087 2811876 8092139 6989914
3293065 4757093 2616172 7231434 9794590 1682634
1624535 3973886 5513205 9934566 80023 6721409
1320221 2489203 2323970 3756954 5982760 6440146
7785573 5240904 8971368 9877137 6859701 686155
3190133 8696418 4804351 4590297 2228075 4886758
7502501 6589823 5819467 8899391 38454 7490605
307331 4234224 8727478 8214719 3899423 9235194
1636121 4625327 5206786 7528528 940598 9691434
8909904 8688204 189229 5342908 3325699 4341722
5605823 1535887 5730931 3233272 8739043 4932522
2325185 772740 4968771 9789160 74633 3648980
8527455 2963280 1067329 6605513 3489035 7589112
8878657 2972825 7013181 4720119 3510164 9052165
3285549 5103852 3979389 3849444 5331738 7702975
7240273 902886 6313037 9707723 549866 8000945
5803559 9463691 6845265 1707278 5216523 4669864
2789395 3674630 6672387 9706477 8918679 2281623
9424516 2425794 9360295 9882511 3800050 4879903
1374592 9136267 5278406 4969573 8257280 7436107
3010245 675883 9108711 9587537 3788684 130938
7961080 5598905 7118624 6268202 7670219 6826106
9325038 3960128 6657839 8265321 3858888 478339
8004622 9946115 3327375 12822 1982095 282832
5080748 4687806 7500932 7192877 7169958 2895899
8400754 4119512 1683996 3984407 2769928 1541365
6486269 5579689 9709891 4778413 2919192 1971280
475137 7153056 9263420 6999738 6926114 6432857
4752062 1264175 9492602 4095186 7896578 9013281
7742945 3660907 5797502 8600337 9329206 5035551
1793449 7273243 629670 8552399 9617481 8319682
3276228 1362257 9808013 5441871 7906349 7352494
6001332 9059001 558034 7986034 8601848 4814064
6664114 2264454 2502334 645337 5229401 2693975
8758122 1762741 1225376 8187356 225012 8707308
5347559 1546718 8120252 1747643 7085601 9045521
4267738 7286100 6726007 8728914 5092959 929853
7860311 6960948 8054209 5101011 5059481 3210364
4440135 6353624 4599305 5507123 838623 41324
9011840 5659361 7939435 1977774 1687202 4781551
1222753 4837106 282046 5018523 316154 5606631
9230484 9129220 9412065 6466348 6120876 3754936
5778538 8763300 1322242 32559 1647821 2957500
3154655 7424814 8204970 3340198 8336400 6912452
7100352 898477 640366 7957665 660309 302054
6045566 3815355 3161246 9838459 8501109 1657723
4596 7205008 2865026 8098980 1004671 2464178
3646769 1516620 8046966 2412242 5567362 6314975
4906515 2951459 9704670 3618382 3390295 9426807
1050617 3939707 3090164 7127376 769360 7812934
