2000
4927633 7871931 1511719 7742408 1506625 9331414
6894983 6242053 899535 1129825 3230894 1858706
6498417 6728867 5012203 1652578 6155694 437500
6368071 7009557 5280807 6049300 1221599 5744350
8292019 4471192 4970658 9277576 7218583 8209688
7974900 4963764 4756329 9744303 7824899 2528758
8125770 5778062 4262366 8134318 1092524 7999022
3333871 8668510 3089273 8520241 7252393 5923977
8331406 6307446 6086243 6281061 2320811 9194119
8210955 6359376 3324941 3640514 337421 4295259
9737511 2081481 1042963 9014085 3349177 3007961
3100016 4730694 7322928 9759367 4174288 3517341
6695050 6636188 5276752 800623 4626324 7480536
1342975 46745 6777552 3347044 3062449 9535545
6566979 8990073 474048 7480758 9274425 3019160
5483335 4007091 4741997 5079192 85358 6621142
1870429 997550 8663221 6727452 1713728 7491338
3164509 5239727 2265589 2975009 721255 253837
7634506 6595034 9577254 2430616 2788535 1262392
108879 4411436 1351069 318158 8953129 7232983
9493844 5093390 2467742 4420394 7611471 8086792
5130912 737448 9555254 9329879 8477710 9156564
6849242 4747237 6133969 9541903 599928 3106265
1670091 2307995 4328122 8122184 1056802 1959693
8534376 6799010 2428927 289970 4331298 9035482
8964740 6905712 2687127 2368396 8368472 4710096
8827449 8931710 5095016 3224457 2423398 448752
3480376 5674902 3090360 4333206 8680805 8369547
4829235 2827672 1332451 5688302 9295608 1791574
959458 2969296 2062423 8730856 7389204 6773623
8439923 7088365 23141 2083883 3518553 9673421
6063139 714077 6044541 7689650 9779322 9378194
7629947 4955571 5393828 8124894 7569567 9045784
7141639 7483465 399649 5512175 7231107 2094191
5174007 7710862 8830350 2725358 4493912 7556883
9798446 1751187 899823 6436110 860856 7795321
5261324 1275597 8946384 1087022 9942829 2589312
5377596 6787794 1949448 5871215 2251786 4105147
6552239 7938692 1884270 1024629 5920219 8719911
5084113 8956961 1354395 9223053 4362270 6299375
1531897 8264952 293182 2332696 8334450 835826
5235594 2526073 7801319 335442 1963202 9425806
9780342 4906125 1965037 6965615 8620511 2915997
2764000 6917850 3742123 9511151 263840 7723047
7628181 2411228 2581044 9634973 6871117 1654367
1628543 3518313 1353982 8068766 7857873 7437885
2523180 4565294 5954939 8032314 3696718 5134581
4017006 7942284 1232649 8435135 4082946 3328831
5053542 3067078 8558679 3878472 9062690 8921857
5515617 3940868 5535297 9657045 5737879 8473440
9143309 7860287 6042880 7533066 1976742 1648187
9436207 6257787 1376051 9343699 9695752 5652888
2545187 6831774 1134636 288365 3645370 6018642
4688137 1327512 618269 5577146 7325662 5787051
6861842 8274812 2820842 7675898 4698792 7443375
6439448 6460381 9103458 6670517 7680680 3168482
4461030 5288195 2164956 2569782 5145898 4559456
4890519 2973387 1251427 1716677 1447804 699364
8113340 3225623 1332157 4542296 5961327 8275515
6431586 3343891 3627758 4596189 5347635 7249069
1258034 7216133 5180552 6580373 7376010 7572569
8732157 3793229 2789546 4375619 5370669 8111693
7239893 2231460 4950801 4709424 986337 8222829
6982323 5504510 3074963 5471597 3768361 8643043
9120124 7927474 8959718 8925593 8109040 9770098
1178372 9311351 7845110 4999630 5221520 7012066
1973308 5993774 6046336 6590088 1040248 7712730
3261471 5017819 6156214 8984574 6594941 9889576
9436074 2800925 4947827 1529418 506937 7438112
5501497 3532728 8800625 7290865 6256533 2711252
1373222 3420371 1386354 2802365 5309329 9167742
2522716 9425202 4885149 5909467 9386283 2463980
1215523 3463956 4122211 9914204 6700368 321657
1383326 5453281 8563294 3689434 5246463 6237287
9882527 1069950 2479803 6118891 3074483 3506893
4504069 3052878 7733628 1396262 5931686 2714998
8673804 1799084 7803139 4684727 8065128 5648143
7347117 4983507 7907434 8500008 4404631 1894701
8806421 615314 1736087 6064842 5776909 4710940
1673212 8185326 6940887 4872141 792375 4630619
9299770 3768374 9365114 7460488 4576320 9087171
4667422 9689812 4323510 5455968 9669604 61058
9185411 7575084 8656193 2058187 3979577 5058374
2094733 155738 8547821 1172723 5977946 1018420
7603880 2208953 7408956 2800380 8385594 2129875
6572970 9984240 6204256 8602284 2807435 9464305
9341528 1623608 8938053 7282289 5804732 8165727
8591480 9360928 5380378 9275673 7904624 401779
3734297 16458 9019165 7338109 6178236 7173102
6395183 7459470 4894941 8370482 65672 8485328
2854590 7375297 1208278 51513 7191595 7918546
6328447 8840151 8630701 6679130 2246393 3796108
7684940 3327619 5542883 1505604 1255781 4102764
2299756 7729416 3794919 1497714 8937400 4474813
7921768 9486174 9887886 4434758 8508993 4084720
1380188 6061167 2236384 7020825 2616489 2059378
9986245 789733 1087209 1287506 4741590 314272
5843383 2560390 5118997 6773618 4501677 7742495
5679183 2696900 7847269 9011433 8588486 1696711
5389886 5513222 8152345 6485027 919850 849667
9630228 4893706 1850009 1514016 1927734 6391607
9023375 7534386 8091164 3138497 2531606 1804606
7380503 8448146 2084012 9670102 2013939 8131513
8873913 4970266 6978471 9694543 6968287 204664
5370031 4886801 9843018 9375356 4626559 2146156
6497402 515391 5820424 8740509 9618214 6058225
5049735 6297119 7430924 5157774 4802020 8477289
5477057 2579962 3661616 2393461 5784575 263304
7956731 1222834 6426179 9768176 8516741 6415979
1768664 7014411 900712 1377297 8468802 4809854
7490499 7985901 6699808 6053484 2948364 9685333
4801752 5406716 5467000 928248 4234291 9174236
27447 9104265 8650347 244533 5800109 7805225
8965852 2011380 7172969 6911478 7990427 2475457
4707142 2417132 1031423 9343776 4596890 5332253
8873765 1961803 6997793 6718673 8144302 1053325
2589831 7162221 1302542 924285 4383689 5540203
2789716 3468245 7228824 2763589 4815107 3765301
5210522 5575258 7890127 9785362 2962738 9199436
9290318 8980276 2618827 5187308 9100414 8281582
1585276 5815550 2914385 7202458 5863661 6222986
7815491 9033640 8688465 8192284 5656894 9924746
7206265 397959 6857809 7517303 4571988 7955780
7236000 6435227 8346707 3881040 1371480 2230677
4573022 4495951 7189895 1016054 7777507 6000765
3107379 7564746 8579364 2847465 9556188 7973179
3753615 2900561 1807108 4980838 419517 7466839
2089647 771641 5953182 3304726 4417861 9117298
5368469 2689637 4414104 3402808 2789610 438555
4636721 8869508 4189625 4742145 2915126 3449441
3600513 8553346 7669075 7962011 83473 2307464
1290702 7699961 2079742 8058290 8312106 7039513
2246888 8145300 3612061 8474445 2842914 3637050
6623258 5889214 7557095 1581008 5769614 4901844
7566343 5150310 3701513 1703897 4041336 7532570
1984478 1163649 7153044 8366214 5329438 553841
5355630 6455636 1204131 4910298 2041423 7553670
2145648 5577154 1587323 8114980 6872481 9092180
3673754 7904409 1368487 7941368 2875832 5756279
3779411 1247818 339113 7352904 3324828 6832802
2017690 3849930 6808783 9257948 8415929 3842192
9767513 233601 3059704 2136492 6952506 8819658
9397047 4332184 2303049 8706508 8620630 1996438
4500789 6100776 9936580 222771 2329353 1039406
1159977 9253495 9300452 9461856 2280348 2713500
5749457 337166 8939524 6621349 8539997 276376
8465622 1889620 7250905 2591294 8683702 1075093
1872432 9247995 1537859 5877406 9790692 4654276
6404659 8888271 5779805 6544178 2590556 3961177
3127646 2380061 2969089 8349743 676967 1620582
9812901 8893501 243864 4144845 883039 7762238
2622572 4072261 8999079 2164812 6830069 4491883
5807975 9906438 3163132 9253526 5152885 8172514
7126768 3243274 4205241 404328 2821455 1910771
2793933 4194456 7439986 4672120 4535486 4364566
8160954 2386842 5166378 3466767 3869787 3284559
9759584 6594134 9742022 5686659 5841918 4378748
2504463 8880402 7695438 7545344 8691945 4824871
5352452 8439053 4643037 2566940 4603208 4839332
2351741 8610778 3163678 5343086 4218326 7055127
7069806 4096461 1147281 3282857 5030259 7180317
3666011 28488 7390696 2100452 5156767 7846283
476992 8364883 8145911 834633 4150050 8089157
9736714 4250403 4006511 2988479 9342475 2043718
6984173 2525059 9770493 5192545 8139542 9699218
2467038 1521286 9960916 7774759 4996831 7577257
2806666 6023086 5248649 3372167 9122754 9375246
986274 2468150 226242 5307548 2825482 2177169
5516311 995108 2863874 1044965 3749114 5461525
1197385 1397090 4310769 9388972 6757074 5484031
4032883 5562775 2097941 3276161 8410894 880630
2766051 4375375 2404781 7482618 6336872 8511004
7712604 1580336 1027028 1654705 5076548 7442549
3417823 6380219 1989693 7171244 3695710 9546991
9981776 7613309 8533542 6548635 5867065 8476621
6069729 8424013 3532040 8449168 2647001 4409655
8250684 6253229 5604813 9909535 1092838 5527095
6718487 743775 4250637 9465553 7647517 2200892
2794256 6466336 7031892 513827 6650970 8307805
3133187 2566950 5393197 9747576 9922010 5744352
125142 3439505 337118 5356538 2633723 470917
290201 3894872 7529421 1220274 1061093 8653848
3789564 4332523 506411 5991066 3050176 4204569
501000 7362289 5077879 7713451 4772139 5375184
4788824 8239057 2244488 8391224 6987833 5367812
5708801 9451944 6658134 2171505 4730695 9451657
6372297 8576326 212429 1278130 6812177 8522952
5255047 1622134 7704182 297963 4951383 5422157
1933124 168197 6987882 4553473 1413300 8738865
1995180 5273017 2433651 4519834 7209836 2523624
2396182 2472055 6369071 878051 100622 4632503
6968035 9621879 9192517 1769477 5306987 8305917
7793431 5612309 4388540 4047577 5749449 3759332
6526145 1224829 6577829 2699596 3055478 9199665
2659071 9900048 1126183 7773602 8328100 9147955
9955662 7353082 2710757 9793043 4575682 4765505
9012382 6263274 7821555 7821217 314656 6642117
8338009 316653 6053085 8510287 4262887 1813204
5460255 2056482 7634212 2084938 8448101 886501
9445206 6526143 4733426 3125789 194452 3686053
5687947 3242450 7555819 3928854 1122647 4742245
9105655 2444852 7557079 9137732 2967152 3122551
9396373 5079596 6990172 8051053 4723913 3861771
2009572 528926 3679470 6833040 8964136 7656255
7415909 1885358 6739029 3437572 7149430 2898848
9621900 3471131 9049111 1823996 6983004 5236708
3391995 1415086 8066083 2584263 2729272 2685318
2453737 6662720 1018748 1082983 8633334 8242461
9620001 531293 6477838 6753759 7692796 3034915
4389691 4779487 9537488 1872719 1785838 6760052
4793592 7201740 7544997 2785374 8206064 3426675
2917502 718452 9825958 5217794 6686927 593705
9588604 2628316 6142344 9007312 4504238 7938056
2187535 4176273 5341954 1970408 5710721 2650714
4456666 2053676 8863240 7053781 9782701 6389547
8089992 6774014 3442338 1286383 9741339 7131784
1129908 2215581 9900219 4597559 4096888 6061301
7469904 9974619 1351597 8123034 8580878 2921020
6590949 8925364 250396 1666796 4574152 4673217
6732743 3909250 6214311 3428455 9675979 8572426
1538573 8146769 7850696 9629948 7477146 5479657
7385288 4814462 7249550 2117300 871321 9102788
7891107 1038186 7531145 6476690 3976040 5646241
6835997 7178171 2445596 3250554 2854035 2401460
9185441 2320962 5087512 701885 1527364 1324872
6526758 1021751 2877534 5716312 2997307 7666076
9865613 4473026 3666113 6288353 2827955 4817718
586417 5395506 1335283 5895134 4417415 2756541
8801776 2248146 5878332 6348716 1339146 3732183
9705464 2049102 5952428 7607992 3305798 1169844
7832028 8169762 3051750 7309781 572332 6358395
6321412 9877357 2776619 1886966 7866910 1311140
6921051 9901636 7206958 9129561 2507945 3657946
3104910 7399551 8369265 8170195 687562 1254732
8781317 8867540 9470368 7548066 9461921 7139125
1299801 6550622 9762195 8203010 3407384 8216576
6959425 322404 8352353 7784419 6934464 985898
4881852 9460415 8048937 6807639 687822 4740321
13095 3575574 1917856 442247 4286844 5112142
4870937 143861 2092091 5784699 4937217 8883796
8273734 2516200 3864573 2842430 175770 329719
5927471 444984 7440719 1650292 6106168 7474426
1992195 2838188 9725104 3468417 6205997 8991595
8793446 1983526 8907268 2602268 4111229 9096135
9342447 7351007 244421 1955677 8995992 1572141
2676966 5864003 3571092 9131928 8201604 8990114
7321386 9323342 9283467 776059 3978424 4056757
2109931 1819648 667434 8442351 1820338 3637226
178658 8366512 6676692 6121131 5252322 5712170
8903369 4033421 6268360 7634711 6600654 3940213
5435547 90482 7987864 6459684 1459050 4386266
4250324 6043353 3706592 1991571 9549929 1871049
2231146 8503480 1756131 6701796 2489163 9449655
6291459 1939558 6227020 7022807 1011623 5148383
3749166 1133823 8852029 4950283 5860980 1378262
5268032 4440367 5825520 9282399 7563661 7564293
855994 3399560 9746475 1167391 9134599 3326997
7063807 4622825 5949870 5451541 4544548 6226347
3401807 2069800 784930 6322692 6369467 1198073
4076423 7850901 2540351 1677847 9778921 8301228
6857763 5632245 4639979 7843857 8814482 6940561
728942 7794168 4076295 1014802 2291009 6337184
7645817 6169281 226861 8485075 7220309 236680
1731536 9631716 4616759 3786625 7279840 7724498
219614 33858 2665910 4242321 534993 6603100
3584799 5451314 7191444 5611443 8404429 1335587
1627918 4259791 9137928 5278444 5167374 4105934
599618 7111485 9541835 1600705 3566871 5668890
3716736 9272022 3780471 7596039 5743496 649057
1060331 7760829 2358511 3982688 2989647 7202391
6265415 4236245 6367420 411448 9740224 9571660
4573377 6881089 1564031 5702394 8276319 146881
4057781 6886947 8455788 8803162 8615940 9833717
656203 1421644 7167762 7486237 6845871 1670757
996300 7347357 2390684 503215 225541 6746823
5507282 6298477 3703637 2557461 9298383 9218704
1181611 7655862 4278534 9887873 6548461 2079547
6732293 3650800 2332137 4786032 4581686 2916786
369773 7201694 4281260 9260049 1873708 4664857
1198079 7858678 4983131 3091662 4927627 7813093
420385 6309085 3972961 7879104 2247128 53127
7441146 7932232 3175248 4366872 3125099 4218800
8436265 2113372 3154765 1329194 6911639 1655075
7923579 1153464 3819873 3275477 5559944 5757810
3087841 8478131 4333486 5266535 6368057 2279831
8415898 8864846 7209983 1671708 5550580 8496764
8247700 5006257 4742058 5247996 2855516 6545183
3105044 7425131 7186879 8450772 7695180 1559612
1550010 9095713 9599289 9171118 6059975 4524675
3432946 6131404 7785601 6486175 5746974 2683836
2826639 7010110 1942545 6610303 4925255 8241175
7538530 7302623 5476942 9059178 1398132 4516638
417217 73505 6964254 4100005 3696021 7028037
4121137 8305663 6143840 9543658 2371889 5613407
6577133 3456197 9186687 178744 3142501 2604679
8484311 1565693 526131 6103759 3081315 6074781
2983160 9288893 8665644 8685307 973199 2583174
2818737 5912091 1550895 6007414 7746578 1161901
9132444 2932759 7646422 7948303 1807171 2338729
1616331 7947936 765193 3638467 3078473 6002530
5439559 8967851 8296705 6635672 3848465 7277623
9122518 7859912 608382 4810532 7835592 6209737
3539956 6881287 8609691 3551152 1854702 9156454
8948407 4475417 8045235 5984217 9938991 8118436
3535182 5951215 8639800 2080436 6472954 1172949
9893853 4642936 9087485 8659759 4914062 6820841
7053493 8541346 8323957 7899413 6811370 8268331
3316127 6701615 6534402 5412726 8572642 1324490
8735776 7591899 8764910 5013258 7860621 6269824
9070780 5771806 3377818 536184 3301062 1553929
8418621 4825297 1833204 8469365 8179131 9079306
9024490 165503 1296325 683320 8837194 25964
8655854 5701554 5278026 9252064 1939470 5097496
6321594 5702352 4204769 8876810 6281963 7354954
1019857 6610240 6018564 1859045 5639100 5003505
1330100 3085034 8867951 3312311 7791264 8590535
1356140 4104194 5787006 1647265 9427090 8718547
4335281 2286164 8713315 5971619 8743465 5170839
7847566 9023233 4700274 3290059 9937312 2810708
5661435 5079619 9871937 1126049 7015301 476814
258288 6797448 2613242 2488541 5267370 5806967
7409753 2096192 3650965 8431951 6427305 4697225
9060846 3801702 1467582 9308826 5625341 9289486
1373004 5886988 8898170 5369179 4647440 6846405
6513083 4683516 9189922 3195928 4392461 9631671
5179634 2287146 6058432 1336491 181757 2993436
9918533 6465819 870637 7575674 4206730 7258417
1482258 2342636 6524883 6707378 8784926 4476571
9861805 7072479 9009555 1861186 2856904 5861295
9277944 8614068 6358355 8320098 3351553 4805926
809561 1581463 3118318 4845650 7955663 9931886
2591077 8223863 115443 4984575 7040354 917206
848671 1505280 9159154 2617086 754190 7393459
1197884 9560018 5798760 1445489 179802 1314301
6591559 7196770 4450104 2159436 6639285 4826377
4472951 5320667 3454173 4352466 7756866 9164720
5813408 6712166 1642147 647492 6163457 5970737
1068279 4455961 517084 5841097 8168959 4249678
314294 6396722 1035096 4724623 2493472 751666
1434765 420769 4042703 3070984 4620322 6186980
1933444 7628224 6860641 9124752 1256611 829834
3176537 2172912 1241007 9905995 4414546 4495030
8216443 1845133 7640936 4919432 3712938 7263808
2381748 7595959 8333082 5752161 4638659 7277099
7927989 7220552 211314 932698 9940640 9516894
8203477 3855467 180463 3671747 4596 5302139
986139 5086910 8674755 8689467 3234473 8131573
7336461 8262077 5282559 787579 932086 6958660
284038 338770 5462869 9391316 796945 9325235
8165570 2768140 6423196 5857339 8677787 8388942
52606 7267353 3879431 3863752 2015903 4915559
8617900 2249866 6444162 6934890 647933 6515836
5036871 8487529 2401101 2896320 3835747 5707207
1639699 4666293 8575310 5834192 3424349 7840473
373534 7398127 1272749 889056 4788730 1958350
1300074 1168378 1591212 4382707 6327364 4468844
9362583 8902200 3018289 8535170 6304224 5093692
4574244 7513467 2765781 5395920 4180764 4815524
505677 4620657 486365 3950874 7845730 915084
3647436 9987231 4621423 2111153 993386 3317439
5118529 8297247 6817945 1969400 8333545 4718643
3615750 3500537 2777195 1534016 5604909 2762201
965373 1222869 3281319 4335217 7815115 4878849
8904394 401028 1889997 2673700 6152877 6923358
2401831 8144180 4218477 7019495 3445518 756148
8674952 1086967 5909690 5632026 9424535 324840
300037 503811 2117363 6409643 9436570 8115061
6573860 831873 3183330 1882071 885046 7422828
261498 332084 7678248 1597675 6466873 5080208
6998023 7587588 1664839 4144143 3077064 6444737
2079189 957377 4837298 6561339 4972075 8079764
1606265 3488415 8844549 8152260 6473150 3237060
5189127 4110736 9705299 9073746 9829908 2081064
9535438 1895239 5754115 2929632 8229305 1644656
3339013 74756 988752 2842074 8557431 3722917
2804586 800573 3136925 3752312 1100355 6483
4611777 7711276 9331579 7071615 2441043 4238182
9751291 2284050 6143350 9850450 1406045 5428367
6686553 2883033 9314017 4265982 2156845 2884365
992002 7102238 5582852 3458624 4394327 7460899
674648 2887729 2166956 1421942 5497686 1668728
4244619 2655480 4764649 1610034 9093417 7011365
4594335 1806726 3947586 9287080 3935909 1947955
7337866 136577 6168291 2315399 868653 196769
6571815 7809450 3648398 3175534 8458729 6570500
3280295 1594817 5186427 7806022 4645153 6354743
6672919 151768 7130782 9427466 8710561 6746733
421837 5463765 7353897 5057724 403045 9850805
7089882 4276957 9719936 2213138 287360 8633895
3723636 9818007 4967923 9870276 5975083 6485586
6978782 2529754 5861864 6392522 7638492 6295222
9106916 5513466 3779056 7521035 1401348 561411
3486680 9897757 7572925 2958260 3575216 6274294
6395587 5103486 4744792 3918297 5977803 469363
9861415 721710 7673706 5743305 355282 9715345
6822275 4712980 8427953 8112771 4122331 6356919
2913255 7098724 9071721 2644344 8947628 3225694
4989151 7964768 6474029 1620743 8355072 3319551
5592146 8745721 3966613 5385734 1429807 4025348
8045846 4397537 8029100 1641330 5173754 4143334
6956432 4915713 6117614 3013223 3251434 5425939
1766967 8896613 4883027 4415666 6903388 7006316
7977827 7875472 3562937 3093098 6004008 8608074
984162 982071 7367127 2529821 7937954 7867501
1986385 6327903 3278670 126709 9314730 2418238
4896491 2677930 2149519 9645881 1296302 5144749
4835106 901507 9222895 5144926 1190323 3318499
4395253 3779757 9989380 3987417 5754043 3109914
4527917 7469474 786282 7986830 7088711 3965083
5871029 7832119 5383577 7110769 9972291 8762064
6605848 7285313 546188 6865374 7567666 5663920
5627880 9741973 5243661 1221388 8131655 5065805
5015175 6655355 3252699 596944 828238 8287065
733047 5106367 4647662 825600 8776655 973357
4512370 1566027 9577931 6254915 5870947 2398908
2026136 3134172 3276049 5827988 8031199 9025809
3882369 46060 2458754 5845608 6976474 2674279
2532590 1096977 1569762 5155631 5962639 3258321
8751149 111047 5739263 3074749 6170093 6260507
5288504 835956 2132834 3752012 3691578 1968673
4425580 9036775 9181305 8911593 6262426 5461705
167136 9930430 6821368 7223076 4321289 6168903
5726166 565152 2337627 5502756 306951 4466116
6701927 7588079 204660 1635887 8997828 4919354
5653916 1581359 9981177 2975954 3675066 13951
504589 2672354 9652418 4912235 6523240 4968125
8877901 4494972 8788598 8981420 8102770 5524176
4881858 4319679 2024112 1923990 6305927 1622678
3457163 7951586 8778918 2115440 2193830 159344
3118857 4064327 3542048 3823923 2045039 9681139
5594804 3156028 1643774 9581355 2054341 3275447
3043186 229001 7520683 9136641 4175883 6111956
1151624 8604871 5481323 1625207 7058911 2097314
7874826 5836161 8559033 8429447 2360366 5215967
5267423 7268074 6198709 577224 8862687 9416346
6202940 5259173 5373630 4199368 54802 4719537
7787297 7866340 8931869 3646438 9407663 5155118
455958 1445748 281724 5416374 1403615 2567052
1763023 5235563 8825404 4521218 7727197 9792963
504987 8021283 3389211 7245364 8655724 1416111
8928757 4188735 4443824 6071414 500196 8364913
2805774 8329781 2365955 8145504 8411735 3399182
7011868 871665 2127081 5505402 724000 6547410
2835462 3630318 4399494 7751854 5942120 1254201
5510467 7244606 9371194 8915452 9575393 8089900
6451713 5886854 3235823 3630795 8118642 6076562
2158036 6548822 5761668 8456594 9942129 2036797
5952624 7485349 6478756 4336662 8374112 3724753
7162112 5138260 7727887 4583582 2931767 3176810
1092876 1006436 3065984 6550791 1589156 1684678
8255262 3806029 4580620 77211 3140115 5678640
3534154 901597 2797349 5361355 8837110 2936244
8856430 24311 6832755 5269754 6591820 2682766
487829 5255654 8881574 4136288 6574434 3720624
5912655 5942796 22700 5227132 3351669 303547
1372672 6731418 5425845 3368827 9788436 3199886
3946669 8514134 7685774 9459899 3328324 5865066
1638272 2312179 7974698 2503939 6095053 5366062
6578344 3703469 1032012 5360171 7376922 9063051
7271031 1529000 8869082 3049472 3326200 5345351
2492784 1980578 5127617 1974537 5300214 1482844
4405983 2375173 2234450 356226 6486378 3080315
3685868 8156878 1234907 8473579 2461600 1120720
7888249 7869162 5330160 5193521 9862698 948831
4414455 1548833 5714917 9193877 6677951 8395893
161072 2707 5935714 1450417 64427 1633401
1701144 5109115 2191852 6224598 7363260 4616488
1370657 2512691 6371785 8688775 8559184 6189027
1698845 8114982 1414460 257693 1322922 494249
1972275 531431 4523366 6412929 2485970 635960
42167 7699412 945070 8541929 6116452 8443400
7090932 8678499 4352574 1329413 3532640 1402362
116562 2947272 9997825 3170090 299086 5065600
5574951 496222 5079621 3094554 2021906 7068561
2584688 6591119 2124534 1167549 3502776 267036
3961086 2578600 6917381 8584054 9379855 4188718
3443196 8746208 1357117 9303078 761300 7630878
9278598 5480534 7307349 4870776 5037724 1127064
9275802 1539837 2167171 5932984 4942467 8048565
2778950 91250 6781772 7939189 6980875 2556755
3838546 836597 7639946 763620 7244743 8248759
5758831 4861635 6740566 7079935 8715299 1973654
6354356 8048044 839604 406936 5257403 7212861
7729283 1763009 1417414 9378663 7090794 423576
2675003 4721664 9159530 9357509 7658086 9211998
3845454 4432860 284595 1724039 6157769 2869947
202578 8712304 7310297 246461 6764765 182168
5888498 2889754 1921683 5365829 7364323 8998476
9414676 5224985 6671418 4919674 60337 1476215
7298307 1875822 8046948 5475094 6339916 5161306
838359 5374930 4572278 1300332 7406047 5687030
1711644 4848541 6956153 825921 8898455 1082791
5001817 9573460 3436368 5007240 655357 631959
6945725 617184 1186152 2505113 9888312 8329599
5365899 8561471 2221339 3520285 9954661 7962368
8122966 1559614 4865571 4755950 1303921 3190785
1864177 9039738 7332404 3904953 8124180 3551520
5648288 4586703 7578777 3016316 5237804 2456301
7477524 5148267 5147595 6112393 3294367 5248336
7364830 3198440 221286 7138420 5180216 7256651
7869540 1062307 7847143 4972115 2432067 9436212
9187857 9763793 3294119 6617088 747748 8620066
6515384 5435474 392739 869179 7954635 9278909
7121875 1912678 8072426 7365349 6499684 5230087
627309 6861280 9694948 750285 4346338 6155727
5539619 9064396 5019537 156816 2708746 3602161
1108811 1990613 1593908 2358613 8535995 5204619
8659254 1198482 5669768 6120254 2069023 9054510
1558055 739364 1825197 3045444 8007014 7361230
9237710 2716116 3954355 4001054 7008569 9528913
8168550 1914679 5144262 2972064 3125534 6876221
6857057 4060997 1020449 2464448 101643 640422
1269927 5122614 4607095 2913791 5232306 9225510
9216072 161205 2461082 4652118 3486784 2930402
3878141 6901000 4456071 7097566 5059012 5202265
131985 2328289 7206097 8929995 8942688 408888
7863207 8929896 4093979 2976360 1610589 9670472
2005554 3251198 9514884 8937873 2452361 1122430
8657055 9016549 3800812 5762327 1189410 5434373
8794786 8520627 9663420 3555974 9955363 2334526
3930282 3342261 8726546 4073783 7629184 810565
3388292 6915995 8902666 3924209 3190501 2423987
9728336 3959678 4114483 31351 1450463 6367248
706162 3481521 2340854 8557 2782929 7026443
9209653 5231922 8337291 881471 6027926 6266536
8331314 4193691 6292795 2472073 416621 566168
1760560 5085946 1820381 7784733 5348877 3721454
202271 2223324 4978860 5675847 8722732 7298854
4049387 2750576 5971966 4692826 1547531 6667575
4219579 4370706 4345648 8869134 5000003 3108789
2047326 4233724 8196619 8818948 7800899 1601512
6594865 6684642 141876 9852678 7914194 7201196
4587804 4133414 4431142 4242856 6286209 6933158
6541474 3554048 3205194 2282398 6430255 6951639
7008747 6058698 6555963 3032567 8614084 6974691
8357912 2480351 1782997 9428607 115974 2114183
1553171 9494711 579258 3389116 580093 1221082
2933415 2713554 1786426 8405805 7625537 583243
1812305 6830759 5759660 2519026 9107479 3560064
7175274 747621 1813164 1017446 252798 3077743
4401118 5463235 4991574 2584420 542097 4165928
8815523 7389986 2881119 2521107 5328058 1238472
7004401 1038615 9280827 9190093 4962087 1829119
7181978 9042912 4833520 847871 6472984 8183660
250431 6193062 1261224 5724152 8632760 1583229
4670278 1080579 7049175 6896663 9012660 2771241
8508102 8106056 1042572 153223 7200276 3951666
3761018 6141537 1392486 4274964 5910081 1685878
4346587 2591663 5353837 5336396 2129903 2276723
1522302 6190435 756785 2711972 8525493 937064
7154697 8602089 8363771 5302377 487527 7190812
4106530 2555000 1831457 8970123 5385385 8702546
9763625 8128601 2933266 6298874 499499 4504107
8781113 5628378 6633553 4196933 7922221 4987562
6064759 4339867 3753899 5186508 2382862 4847714
5761701 7951630 8716779 4163926 8604814 3935046
1366028 4903072 4328535 9804310 7475577 3540824
4782636 4179976 4995187 5158013 7158076 8466291
4725906 7970875 4697260 9270904 6549026 7703385
4578287 7115086 6762089 549705 6117619 3963931
7578894 9336438 5566770 5748041 2809849 9269241
9152484 7402116 1804472 3691508 2886606 4986205
2421258 2519981 124161 6230693 444715 4481259
1602266 8228421 5346546 8422903 3087834 5857287
6560087 319683 5775736 8237523 885952 7646189
88249 1440841 661131 5822313 3571553 2535743
1019339 1996264 2768178 8514023 2478586 6002392
3027852 3318773 6546954 5363197 4956790 5008441
9541391 9348935 2772881 5898874 166513 8836396
4514402 2943140 8894364 447693 4080539 9211510
2165291 8890364 1906977 5467952 4612321 8193642
1263210 5464242 4134590 5949798 3912374 928387
2872568 6844995 6302307 2304183 5891228 1627381
1347578 8052386 4213902 8446923 6501347 970858
7538082 6422887 7648991 2991137 71647 1032893
1524684 4569851 1580979 2753457 9966801 836332
2250018 3243053 2631300 4458137 5903184 1629191
2792553 3260531 4146781 6908807 176072 9000504
8198553 6740207 5264094 4587871 3422395 8944142
8161483 8844268 3747145 5623450 7270666 4573389
5249211 8450886 8784315 6079592 6087305 5266430
6575153 639995 4015308 7035346 2612281 2703844
492379 3931706 1212138 4241529 7262389 6900416
5107193 3078764 6439736 9087068 6607939 5532240
1535355 8170250 1014404 4713333 8748454 1235705
9015182 2996990 1968684 2106830 3834279 2515659
574092 3812945 6470261 2013955 5513541 7622014
918474 6721914 276557 9059054 8092512 9302232
5560505 4701205 1232200 4121289 9574219 8188899
9484359 6257605 943453 6248567 7711053 1999256
6098557 5454858 9434245 1109382 5285583 1212260
8460558 2151540 1057267 8161552 30406 4500020
6099066 4664177 9148405 5421187 5212155 4554964
7221601 7659216 8336669 7896010 6679321 4526216
2086623 9740339 1683934 9448940 5336794 7822928
4714727 3138759 7695137 4805247 6424164 3987528
9279908 5918711 7585220 7419396 947594 4306681
8276867 1129956 7825161 3706518 6118457 2932728
8218308 7701876 858391 1195598 5925383 4002230
7375866 7817191 3321992 7974201 5131130 5616689
6808714 5104123 9979689 9921971 4054155 6716962
3661200 8323930 917413 3847621 8487093 736036
1528821 5726350 5951158 6044012 545895 2578046
986215 2556494 8763222 7854400 6145392 3238288
1340168 9011086 9665655 1416193 3517426 9227345
2336205 8004211 4470207 8432229 9795177 306686
9236068 8808841 5752290 7268441 1946913 1597103
176716 6598265 9076962 3308312 6478828 3765448
4428111 7708004 7277199 3615338 9645158 6257749
7790850 9693919 5246082 9486713 8344121 4113362
2889678 3417017 1088741 9565970 7231980 8034467
1709929 7807139 4138067 3494938 9728481 9655866
5046197 75802 7063706 899476 3478836 5302296
3131222 2130557 9385006 1220964 6778929 7519630
6504863 8604931 3614472 4153742 117565 9620040
7487111 9731834 5603834 3655963 4078769 7778693
4595084 1114951 2600126 4615970 2478776 862807
7829254 7907820 722116 435748 4258043 2737732
4977504 5825158 6266705 9076635 3968246 7406564
8244912 8452109 3298106 4492535 2640332 5639601
4772101 3104168 9373087 8952799 573252 2053067
444647 9209380 9954963 4880368 4572638 4893617
3809901 9104693 117544 8810607 365626 9372467
5713391 1887711 340445 7194738 2067535 8380308
4384655 1768884 6405788 2093253 8225819 4163846
6515794 1438834 6372017 7358590 1762696 4274260
4649892 7542413 5323648 3458601 8548384 7526194
632077 8798162 3019707 7068811 4936203 3245369
7825230 9711612 3522470 8409789 9805278 2995747
9926853 42505 5594932 6295273 2925322 3096390
7974006 1487469 9672705 8263710 8379837 7005340
1898057 1313506 7403914 3685316 6859909 5895403
8063986 6346815 5094099 636246 9134195 7999659
6693744 614625 29064 3959897 9311314 524213
1567017 2678371 7276346 2409571 9486826 5002431
6688917 9610565 8702660 547184 73534 5554940
706036 8425610 5355502 4443909 6545668 8091255
8199738 8848903 9749820 22687 6544398 7378004
4910709 2564590 9880984 4419628 7187927 3209071
2880531 8152587 7607503 2656360 6458552 8879359
9626685 7213575 4636017 9264549 6607226 9061635
89533 773142 7683978 6155750 1098923 8473344
5030394 3118678 4950977 9009178 9461789 8051405
4716048 7217798 2642896 9684932 6691343 389135
7734009 837832 8941329 4356830 3279057 5154751
3042728 4098544 5756244 2705665 1583539 3546513
4773974 2618246 2628414 1284158 6670566 7322691
7057813 3529973 5821539 8392347 6929021 2817126
1770799 4174995 8517091 1334258 7917671 5753838
9048892 2377082 1134070 1573485 26141 6979944
3720482 157330 9091547 1680985 5266136 8836221
9086872 3487843 9138762 942333 6832116 1439836
8012479 4903532 2395617 1574455 2666727 6940780
3458176 5623695 1657465 3788754 3802521 6647755
7241625 1850087 5214289 2764796 2783306 9440728
8726028 4487977 1120944 498046 6947112 6648637
7621275 9417592 8482706 5497260 1516134 3649281
3066280 2573431 5360973 9175939 8232554 537277
2965238 6311418 7641869 7389563 4217311 1751231
7664571 8272153 3150844 8564368 9378960 5510883
6736355 5325695 2163775 2153101 1112949 2213336
5480680 7783342 1227640 8012569 586808 3453633
9894251 3307381 3049358 4423382 4833478 8605405
5025023 8381563 3152351 8636606 864700 422858
9354257 3990359 9346541 7550193 813198 7943704
4226941 864726 2481061 1758054 9755964 3250317
6910622 3800435 9259230 4874432 5164818 8393832
5740899 9011775 5537259 7789417 9765134 5708798
8145169 2171671 1643985 7048741 2020912 7700660
4231998 1926173 9828058 6979670 7444288 2217355
2877952 9199337 3053829 3636043 871053 8876176
8006981 6906965 1288477 310917 4173939 4298628
7483458 4343755 3677956 6686493 4795992 321343
4264650 1002075 3478737 3402237 6833573 6199099
3452143 3256631 9174474 492564 6090128 5304698
1969398 4730129 8629140 6136310 8541887 7525191
4183834 3982215 1323930 946587 6835806 4449033
1062972 5883176 1493066 3919743 1001319 3237578
1819843 8192665 3157723 4377590 5479841 5656506
289901 4764860 9148286 4345700 4037413 1649860
8547807 208776 9852640 1053986 5631161 526151
6697638 9192331 8252952 2924838 907237 7761714
4550377 3525184 7127576 2522403 9111277 7803569
2294064 1285953 7566170 7729747 3180020 5053624
2497078 2273980 617923 3787502 2600672 7956621
8166809 4499686 554534 5067597 5126697 6240405
883620 9476051 8010446 9822838 5285867 5239972
6592677 27714 2903412 9056851 6284869 4471473
4615849 8725419 6408918 6733960 2754645 4850919
3831695 8157509 2216195 8877762 9636065 6823796
2667730 2418462 7228757 7730986 3216694 9957880
114899 9367935 8077753 9823402 5427544 7962887
5355812 7548725 1287384 3915767 7470877 9723037
6074393 56417 8287844 1770370 684481 8209672
8727612 823971 3703983 7882220 5413449 4227602
3236716 5284236 2526284 3982032 8447188 1851303
1476746 944467 9602750 4690135 5822223 4274958
9478838 3344812 5001599 8276468 4864610 3977296
8645078 2117663 3452108 5213414 8827433 4028074
9698341 8984271 9164764 1757249 2701473 4145237
5443726 2206844 4689253 4541323 5919046 8897963
4201253 7123674 4496771 9065354 9385662 2535152
483258 878964 4053440 6725514 3353020 6108611
5947066 7788321 8637907 9720258 6322483 4162184
301791 6274125 7936059 736852 941986 6364920
6140606 3418056 2687646 2874427 7675644 4399692
791089 3147402 148945 4170076 7817739 1231783
6857443 200370 4895984 9786980 8845535 6273972
609521 4108423 6104936 5156328 1116311 3663318
4739213 4727034 8182986 8439941 1371972 1266730
8621420 5406987 2595685 2272757 8131237 4580296
930547 9164248 6311896 5947128 6403850 5112115
9366453 2438019 8243460 2570344 3084283 1134183
6500990 1249672 2552673 3403377 5950684 2877456
4336510 9339545 64394 9419936 6414658 1009868
1208658 5195719 5199074 7768656 527993 8991874
5261564 6124481 9073235 9928405 7606609 6423523
1202060 3919731 3991965 7399005 6250556 7880073
8600541 6412756 3135456 7677088 7205990 2450771
1122929 2709278 8308389 2379753 8564701 7535649
4487289 3199469 7877687 8683045 3932443 5785742
7782121 3423680 3616476 3352053 7136445 2905922
9783453 4565134 8591695 6541304 1960900 3945218
9895940 4662962 7541979 6859281 9691411 3328468
7441904 3288455 3751383 4091018 1086505 762878
7146391 3029055 4482004 4899247 3300828 3039974
1310710 4358028 1022049 2878796 6984570 6886019
7006679 2259457 1344743 4213133 8879629 3670307
9803003 7990677 7583095 5446364 4361964 5920119
1189710 1297183 6051893 1679868 4397989 2410627
9323246 912253 8644218 7061132 1239808 4550114
1270102 9766423 5435974 1139717 5422945 2672366
5287257 4482667 8110099 7765509 6714884 6449911
3649654 1713648 3843973 810071 652046 4556092
4109193 8763969 3506921 3534053 1460865 7264117
3685582 2652122 1090198 6795441 6985686 6115002
7828561 5140718 9993078 5593989 4346462 5801669
73061 1176559 6612314 3063158 817639 5457648
1199230 8655483 2355764 295410 2186752 74893
9074550 6794494 2913722 5023242 4175621 8831612
9370182 6800064 392761 1320240 9197556 7313735
3581727 5580124 3702469 5418289 4437102 478884
2703631 6870279 4491063 5349634 911411 3648363
6109546 56975 3096722 9953601 5609833 763410
2039916 2427342 5903963 977265 3808606 20961
2378334 2952544 3439524 9905605 7595561 572968
2952650 1961013 2421547 5208270 8043950 7280049
8629238 1549238 5295463 6352028 3792042 2179323
7332888 5092189 7813848 1071200 2343406 6796796
5073563 9280490 6110047 5234588 7722108 6292140
5108734 2354881 4013686 6001044 4055586 2202513
4959164 9473539 4601718 1956416 673769 8694622
9863480 3620238 9066320 7852026 2175568 7963330
2226099 4155432 8920334 347975 1926394 6284074
8201399 260793 3380165 9988912 7172096 4393734
3854665 6191757 727317 1929144 687201 6651634
5819734 6209438 9169191 3237307 9218585 4618207
6044252 5287995 2288925 1941544 5139420 8016005
759413 8915743 7972467 9548968 7970423 302509
380907 4035729 2045832 9266555 9619220 1956400
4950087 9794834 3715203 8622223 7695584 3031947
5239635 3962014 5758464 622617 2449357 1987090
6207608 9262942 4838783 5034092 6685720 2069541
4665010 9742740 2500147 3449807 8940687 4612300
7026901 5043030 3042062 3708610 2553164 2848414
5194608 5213057 4253635 1202802 8482728 7358128
6643218 8986955 9490205 303664 9078450 686151
6095862 6617057 1781311 3030623 7778498 9646052
1783576 1443434 5827310 105156 2012994 1584931
4184983 711143 3558227 6373392 2011790 8755128
9300277 9892996 1924358 6596970 3235059 5251208
4867644 7655294 1161139 5692237 9531413 6663292
3597956 1677768 3317525 6750477 2512489 300995
6711291 5173994 485450 1720173 9288227 6707329
2495646 6077207 6867580 4118793 2698588 9693582
6968476 3586291 3085432 7496191 3630413 5218446
6759392 2070689 5383907 6115632 9059297 4888889
1296772 616452 7137248 4259533 5251702 5005353
2984599 6857159 7137334 5868838 9625950 9432436
6532639 7904981 9039275 5319585 1002848 1328923
4480475 3097667 8632650 5741416 9870974 8915057
4230976 7155092 3746940 7529558 1069542 8808094
7490811 5071999 7741060 5968692 4725936 3871500
1432298 8164330 1494249 6752009 5558521 6616267
7786368 4537489 235037 8150059 1365368 3014540
9950577 2366171 1589371 3272887 6290511 3114302
8589944 2455102 5081517 1205463 9804531 3583860
8363882 9544444 9515447 4735554 1239195 6676207
6816079 5396715 5775538 1041587 666375 2080589
8114400 7527230 3611784 8782185 6169506 1822444
4221550 359070 6764954 7688791 2465367 9925049
4916714 4246926 2707053 9448538 5086172 9042059
1750109 4365749 9698963 8611779 641507 8340947
5077070 7931784 7770561 4295601 1772579 946165
4520109 4112081 9867679 8008616 8707941 4074223
9427393 5984283 2748931 1365679 1652544 2334241
7985559 5486451 4178310 3833381 8606786 1716377
7612749 8869687 5800193 6732969 6429528 5802375
5931396 1104877 1081276 5350023 8057784 8557312
6617385 1259798 8687443 6228387 2655379 4319529
2019656 5892253 7721925 536045 8337583 171185
9939060 6603473 5464493 435736 2835960 3585710
4948244 9259272 2186291 8942837 7625375 732005
5595085 1083308 8714977 5326632 857587 2067630
9200188 7188923 5702967 195643 1881453 7004166
8918307 988476 4155380 3274267 4010171 753529
5194213 1341043 8710993 2932745 3143841 2138410
4070779 9923342 808152 1398021 395655 2809620
8212438 8504065 3876245 5424702 6413336 8359133
4595221 3839630 1661440 4568637 8119403 8633001
5119152 9686659 7086466 9881643 9194296 9672606
9488239 2152948 1376092 8698485 521831 9239564
6006872 4476476 9089376 8208155 1648066 8569022
9674510 6332647 132136 3769421 4406558 2743261
6299830 4242992 2270202 4683462 373207 6140787
5873273 9473746 8632981 1442547 8180842 4221429
3617983 1113114 5047524 9680778 8027052 1234244
4203869 4759441 2547618 2834542 361924 6591369
8202957 2496163 5075843 1149688 2588909 3894786
541044 7347170 1876368 8191798 9871346 2480073
7809582 1628283 6590176 8764926 3485402 848615
4177010 6069700 4090181 9019258 7727318 1704050
3739350 8739716 476961 3089975 6530817 7399280
6445963 5634701 4303502 5252804 6031068 3960815
3842931 7788132 3738799 9816179 8778209 5585845
7913241 2950053 3656462 9296406 7476470 9427023
4063257 6637810 294253 6541392 4731431 5830926
1812698 9123306 5838930 8238161 2202541 1530191
8829763 6352266 6741003 5175155 9589853 242618
492488 3961962 6158517 684047 3855314 3113649
6661324 4981814 57859 584698 3135252 29954
4401123 8547466 9039024 6753360 7053868 7048092
726540 4243972 425459 9462508 7438159 5641460
5849169 7138557 5033719 9538964 9867709 7254477
3561546 742353 6825764 9001857 9358108 9017120
4285835 7599122 9657876 5992701 4427469 10211
7125699 7631144 8842745 1820949 1476045 1089852
1961789 8374154 7544255 1335241 4475718 7121623
984258 3413234 9260738 2263789 470874 8869674
2985046 7060838 3077346 6073093 2830229 1773373
2652656 5032166 1890552 4241425 6102276 5161514
6759302 2084118 4900644 2698181 8367549 9486620
7250383 7521091 6221884 4700944 8769234 7194881
855557 6580289 2807350 2344076 4916590 7741563
197796 582632 2970297 5864105 3192802 383330
3491166 8898942 9531508 9942567 9679583 9070419
6936880 8602913 734983 9566098 4011709 141615
1406329 6170555 4510815 2311006 3661291 8539344
8440107 7767233 1273222 3871551 2862844 3548792
7919581 3490611 8369169 957321 4980439 2008499
9029091 9822534 7155792 6068124 1496886 9935279
2211250 7913024 6846065 7903203 3818517 1282089
5093655 2467430 8447963 5026099 5314812 6901653
6612404 2444953 1207748 4677514 579425 1625530
5728468 6054047 8568211 9657948 6777698 7107979
8539442 1844548 9291283 2990088 2597456 2519549
1697774 9092416 8693892 6371806 5889092 5894987
828951 8441545 8832289 6993055 7599298 9255035
1932151 8437817 9412222 1176768 162653 5582302
4658418 9235336 6162862 5580145 1538856 7270152
2064544 1148655 788127 1054926 170628 5188933
8715171 17451 9795539 1792342 775534 7664404
5966355 7341099 5833864 2956828 6045772 9719054
6750014 4999990 3405674 8053417 5844754 271303
6478462 93519 6305359 32271 6875623 9455829
6108495 6176487 201720 8149183 4717954 7661080
1286222 2511115 1382357 6424597 2484918 4382801
4910339 3945271 5565151 2354010 1515719 2659728
1270281 5329694 7522427 5997837 8034340 9010552
3545114 5550044 4114525 4686628 1340656 569942
7998926 8552551 6228743 5956124 316591 9862037
9190363 8170584 4658418 7191529 3573504 9924209
7572297 5619530 5289985 5179641 7088349 9553795
5276069 7222766 8425932 5951398 4104560 6504454
3666521 7619464 199954 5917125 3401001 5946128
7703507 222934 4347135 8400855 8295456 4024496
1897928 8634619 1989071 1230811 8137227 2575013
4744854 1212278 9622839 2012518 8142070 4042881
135118 294196 1022600 9340267 8829927 6054035
1889180 7562292 6152288 5992003 6575052 2378291
7984509 661006 2822272 8665946 6032763 2175314
8530297 6910022 3732483 1449460 7553957 8708969
3375261 4899737 4040603 4409437 1318623 1200722
8693738 5224770 3838141 2083786 670341 4127887
6945075 2965688 9276085 3866240 4187477 8819167
4328174 2588978 2806293 644005 2560151 7488550
6122642 152345 4561662 5820727 470855 348714
7550076 1970071 9262979 4128612 4359599 2690134
2311213 4898365 491649 7332207 8074067 5478066
2842569 9710096 1240363 6744989 4564864 9152346
5976892 2112065 9888088 985977 6644412 171852
5249329 7337479 1398255 8403575 3610185 6113709
7924975 4605535 871967 5205514 5566584 3051967
3575265 3491714 1176165 9402319 3036041 3281677
8406765 301167 4530791 1188522 8674468 4014599
390626 4093798 4577443 2324154 8335530 2835967
8004604 6905154 373177 6113574 8924321 9537687
9303679 2068236 9382481 343557 3887899 8240146
9481127 6797823 1348005 8440623 1250111 4939549
4825963 2187442 7533666 2108163 1086388 8770948
6759927 4699542 3326018 5388101 1916512 2986032
2690959 7469989 832225 9449034 2699347 972828
920140 486460 7525680 5358817 1041876 2151808
6661672 345358 876370 4950945 4846813 973093
2059271 1376924 3428035 8752612 8227171 7108556
8417346 9803133 6393659 3640970 9383180 2749917
1362594 9078143 927161 5699731 9689931 1800494
2971559 9788225 6211846 2881491 5386025 338213
817793 6938510 6841854 5399664 1202485 125120
8186411 7468846 297661 6830600 750391 7182326
7223053 2473639 2171779 2295443 6081591 1734176
6220817 9089924 1058506 7080749 5590883 668281
5769539 5143256 7621488 1115337 891026 6398162
237363 2299455 4947101 4978562 7721372 4779318
2588728 5366489 9022025 3715163 7643344 7549770
9044341 7827010 458726 116902 9515095 6880197
9451993 8203287 6922214 7726897 3620177 3770578
7712595 3565905 5018609 681452 2496509 8147376
453936 2924330 8038372 5706052 7411816 7431404
2164006 9512958 9053232 9209396 1158875 2638770
7323132 5994777 9598679 1096054 3006398 3202859
8902003 9231890 1255593 3688803 1287729 9738190
2678022 9284424 7873641 2272104 4217919 4474601
6095072 1611618 4973652 2670826 5250845 606435
7826007 6225562 4843355 1477371 3578638 1825949
8961003 2221754 9457372 4288984 2893871 157170
6891017 4077198 1182736 5231277 5726487 9151192
6699213 1763173 7097036 7490819 2747193 1633201
33934 7896661 8390628 1529197 4488313 3345572
3636919 3335571 1321339 5881627 2821670 183087
5652164 492531 1053035 1047235 460221 1546219
8676285 8443600 536803 7321617 7763287 8668324
6066487 4103995 194252 1618842 1831356 4739429
7163780 1974031 4846013 7115714 5082302 8482371
7312013 9735777 1392669 2416861 250775 9011372
1311294 4437954 9362359 674544 7628848 1712447
2552046 3472088 97966 7735605 1540816 5344738
8273992 2005775 7256526 8814626 3685999 7282851
6084052 2979599 9671717 2589391 9360131 7799545
3887620 6312548 8977894 6162980 4965111 9195002
3325108 2981389 2512006 4940357 5346660 5346232
9176320 4104102 9255737 1620814 6024763 3742849
2589787 692064 7804472 7180642 6003351 9869875
6418337 110113 6531106 2854287 1647035 7365894
5877415 8544194 2516142 5748318 8227094 5242001
1696454 2791015 1896512 6925642 4380907 6442637
6172385 6013243 5509906 5586338 2167551 6862989
2171679 9687223 2419982 5272223 1433820 7763084
5374689 1699685 3678843 9012611 6820253 2267391
8801563 913957 7277110 1935982 5037199 9765798
1068395 6330438 3899699 74187 1222365 9655131
8097813 936754 1048999 8176782 6911225 9393348
5525743 5794982 4071174 3997558 9514850 6509452
7776738 9428958 20278 1947615 4029801 6163192
589284 258286 1294687 4313602 5933017 7979987
3478832 2125137 1637251 5872595 1599692 6583360
1301230 8291415 4138842 2154934 9291808 9613279
146121 4604558 9735142 8143765 6280462 1859924
3347455 9309699 3279413 1963142 8085834 1283211
6599811 5602695 7361536 7837941 9783417 6844153
10718 5410352 5589032 2726730 157056 4344046
1562018 6499851 7667876 3004173 3262877 6072940
3039404 4775052 7695188 9096134 831753 9962855
5661202 1917303 5135375 3364548 2705523 5383638
3188712 4116899 2986303 955144 600759 2225310
9145979 5691534 7013661 3105719 4751176 5164369
9585245 8974854 7425284 3968124 9748782 6581719
5641629 7388454 6087635 6234356 2913638 2975314
8532633 363401 6088065 6509551 4175800 9208125
8238222 162476 3998551 3249273 6906455 2716786
4359068 5433336 7096959 5460205 6383238 4330361
5810082 415778 4149257 5900177 2121835 9886613
8498806 7258008 5356548 6608062 6239593 6233914
4736563 7687871 7027621 8397587 9036630 244497
568299 6783219 4823528 637867 9509155 2853605
1893727 8733897 6551375 431760 1588184 1354077
7033002 1370155 5721002 3040155 2369704 1710977
9957485 2596221 9734571 1947658 6769083 9544064
2372685 7361020 8247311 908929 3280716 8938432
2961804 3317406 9687172 6388373 8663264 3938097
3245074 7929093 7355743 3022309 295448 8417626
544023 9453906 1997417 8380933 8946436 2354302
8019779 8522835 1193348 1938387 3366394 1275112
9704136 5238556 5073122 7474128 4833827 9832342
638865 7197446 764864 8480939 1964878 2829291
8807017 9014912 9318646 9771690 3305520 9573737
3639864 364083 4014223 6519754 5224433 3049319
4283798 7405134 3629621 1783415 6820827 566245
9139516 6446775 1075768 9301155 1377273 2018241
9681216 1508488 5962689 2371941 6593283 4366795
6846053 1070675 7994917 778989 5154279 3182427
7071887 3220513 8765163 1323752 2764835 3375500
6063832 7450283 5966768 3835274 9790627 5177391
6713532 1858475 7607855 8521920 529289 8938344
9001281 6040872 3384452 9086788 226274 6903723
1167253 6248515 2263327 7481513 4916777 594624
4095069 7288774 8840044 350295 8857965 3570671
8725448 6171126 4385369 7818892 3379252 4462391
1024034 3318214 2066756 4512805 1759260 9304670
3046523 521023 1934742 2499185 9928760 8024241
3911798 9205015 303193 9013883 6660860 4599506
9225168 3838502 9224832 8969236 99059 3974450
2150774 7756405 5845491 6693718 5956970 6181280
7652636 6051872 1868649 4376436 4086982 957660
1360510 6395517 8881028 3575432 4930153 9967496
5692721 760907 551305 1048710 2337863 1188232
5746470 5701624 7238027 9164370 8844274 8266037
4838849 8152236 470354 8053089 9609895 2271797
5010760 2982503 8992236 4489856 9483738 9700422
7999158 148391 2186252 7032543 6259375 704467
8535816 997095 5499061 2321102 9699068 734986
3100998 7194873 167451 1121435 2864063 7402322
147558 8745622 2901163 2615371 5302685 2674588
8720904 5734819 6076338 5454851 8970157 7884974
3117829 7811130 7163006 1880538 8125264 3923071
9839403 1734027 6888368 7384631 1348937 9762040
1120781 6153613 942538 76291 8428528 6065493
7522701 6833710 2356997 1157621 2835377 5454585
1999896 4517616 1369390 5546354 7674079 1469852
1553617 4241399 5253194 6082856 8337799 6973163
7105544 2853943 1083396 7766121 6994759 5536529
8432148 8447124 3961434 5450219 3929548 5201006
1068687 4515429 2019394 1718053 8683092 6814877
5074483 8319696 9927710 6211442 3325375 6705087
1207162 34986 5511215 1963029 7255729 1450654
9391879 9466363 1152739 7809149 1699219 496566
8785645 5298025 6897325 7388380 2891027 7330555
522010 5889241 2182735 2043847 5516088 2039516
1399340 4960313 8590369 8133724 1064038 6577912
9173595 5160859 7890888 4373576 7231759 951794
7137937 4125021 8321331 2268988 3921252 1308021
371810 328228 9975023 3367230 228194 8912263
6473625 5940755 8679479 6138739 7973077 8788655
6810551 6072264 7617295 9473539 3175429 8272831
9841298 6356679 2478389 8963980 1151267 8908083
5432621 1228589 1958079 9734856 8002945 7279130
7401634 6907125 552544 9078131 1873759 4903288
2576874 3894758 2925762 3942570 908262 782053
9499337 7015388 9454589 49777 9516969 7157900
8710517 6551732 81211 4422404 9799873 4421293
7539762 1239964 260069 9460303 3167053 8350896
2857218 2642943 9997477 1819663 5364777 2939083
1950637 8087925 3339862 7485399 8540072 5907602
6098707 128577 5881878 3858513 6040997 8009448
8109546 8561450 4313394 5257651 1970755 191244
7212888 4953005 2898157 4853700 7864106 8674337
6740822 6640024 1968937 1606689 835512 2476831
2436449 4990823 8806615 3067699 7578717 8376782
5804019 5171464 263311 2592798 7472906 6948531
4109463 5264832 6903592 8198482 4111726 9826736
8858563 7384698 9927477 1818720 4925560 7907326
2804582 8751143 2142175 4190095 8024910 9449637
7613046 5334788 8702475 6173809 3741134 5338065
3945001 1096198 1537789 8422170 4604658 498570
7056636 8991479 8489009 7318415 3934882 287928
8520087 3593532 6217525 9688342 3180833 9694436
2188460 8581354 1646885 7385315 2598446 470710
9822000 8126924 7384431 4598264 1313556 7844825
8149852 728629 9351690 9480224 7232636 4491489
7503159 427925 3695228 2995320 3011624 9922737
8289627 6093263 1369948 5460760 8150721 559795
5488011 607434 8477472 5192759 9415503 5239116
730888 6726220 3671177 6036542 6929916 638837
3162503 3507903 572803 9618010 8057831 7672575
7672613 1462623 6922215 2203282 8370010 3003905
4932529 9786874 7133270 3656969 8296302 610253
659435 8696386 496144 7156978 4703367 790114
4083478 3291625 7298419 1995842 2277710 333660
9888426 8685523 3989234 1361066 1227702 5302881
3049928 3994539 5880153 2349815 9799461 6829986
2454547 1284709 5446716 4171477 6760934 637188
3991635 4564333 5646424 2045454 2966717 6127940
7444834 9593472 2987206 1232026 2788020 1192711
968569 2249036 1892866 178932 8277597 6726638
172675 6875045 5749725 2952922 5112223 3247049
2684237 9308371 9769976 3681072 7547210 2969310
2568085 2957572 3471747 555618 2134144 9850777
2893651 1828242 4506688 4290812 1331477 2426873
2362155 2543258 2169980 7990177 7989565 513941
4755570 6930824 930862 9412130 7853746 9103517
7072911 3345538 1048867 7551644 3920670 478728
7638996 6304632 8784359 8086299 6694743 761980
2129169 3493629 3403915 4961041 5980856 4969743
1607272 7118434 1288046 9344996 6464807 3383587
9160999 8691843 7619743 4170601 7054153 7754556
9318340 6647206 6623871 3209705 9813935 6635298
3714503 8565632 6855293 9155469 7728332 3374949
3693034 834773 4112197 2751244 500874 4617950
4047261 8046403 2185522 2646146 7043991 9479329
5053592 920632 1152191 7575429 8700217 339248
6471952 9603721 9423525 5169048 1220796 2552438
2595874 2119678 7454316 8895686 4078184 1810068
651983 1960687 5483649 6843718 1193472 6620335
2466980 1579080 7443284 9642325 4410716 524041
2344734 1673132 8865357 4779317 3229697 2571721
1596417 8568317 3292684 5829184 4324030 664275
739679 8844250 6467148 7156283 2463741 6837420
7110114 5473705 4935743 9163666 7880315 2339469
9879935 1809283 493911 9537111 2505209 9491467
7226547 9712551 9117006 5351060 1847355 7287144
9552214 4304517 3766700 9441730 5943659 8668366
3642275 4939835 3851845 4664341 6749006 9767703
3743979 3964046 6271167 2967724 258201 7260112
6738311 9941595 6273880 8985539 9317577 2797161
7709951 9066377 54061 8530968 8305340 5181329
7621367 654851 683054 8960997 9693225 365541
4654148 9794224 5821252 703665 4461285 2769558
1676041 3977143 4924719 6248676 3530022 4904857
9931929 9227832 768998 8446168 2444005 2297492
3643744 4421256 3004736 3650414 1658610 709913
3522478 3312973 3885289 7706940 4032296 289535
9281818 439315 6635901 7245640 9689225 3932964
9733955 5724317 7549122 6780586 2839186 4096485
3493335 8325212 8657995 4925230 9910915 4576159
1165370 3057473 6221667 7262571 5223186 2115943
833025 3247157 5883122 7880366 6700547 5588642
8230950 5967410 5043806 8508256 3883517 5741297
9997396 6487830 2280447 1318684 7327526 9554894
2762397 623884 6510652 225116 1157275 3089222
2126380 2667280 5627745 5770788 2697235 6769377
3269282 2489011 1235471 7326818 7846685 2009130
6005680 3946537 5240944 7875480 7673408 6331859
5355652 5070768 6571566 8248894 3919064 367302
3658475 1293268 7736037 7686526 5556867 9918974
3509451 5310550 7032677 7331206 9365032 869474
9377147 9834594 5548771 6692818 8523458 4408940
6260515 4928912 7884712 2705287 150562 7705907
7710608 1202475 1500265 827588 3109433 2974629
8872211 2519933 756335 9848506 8092493 4410859
3076501 3979589 5027281 5182665 3901487 6777369
6185657 3722944 7696629 5556854 4682585 797102
7728469 6848853 205602 418211 9709222 8039155
2854030 9492563 9573844 7662119 4680222 7984955
8218419 3100850 4393362 1243446 4050802 5627335
4042989 8395418 7672660 9252086 3501488 5185188
5953327 3618306 677867 2110792 3911648 5448403
2068794 39195 8438602 2973888 2244952 1087086
1580316 579541 9814613 6665234 6969074 4480682
5774411 1578031 6540990 4859354 3945796 6090902
2330988 4982411 2776808 7056395 5493275 2676109
2374955 923205 18317 3499937 2753298 1828383
8131397 2500296 9344777 9636653 8990401 585834
2368058 1292892 8311495 922070 820582 807363
3819098 338756 9434523 8066113 1795914 8708987
6569234 3665563 9388209 8308739 5829939 2551477
8772168 4662474 7322369 6545515 53869 8066976
7391274 2669569 9015851 9931365 673415 9123641
4855781 2306600 4544871 7687999 6083665 8351119
2444388 734837 5830565 5092952 7401653 1532508
2861756 767569 9787324 2396650 8585184 6123292
685250 3213329 3656612 3502909 5306922 4255321
9429797 4492504 8080561 5529938 7510544 7398062
1253850 7609013 2828360 3436331 5729490 6061982
1513 5164369 7568717 1788051 7074746 1582668
689361 9775048 9440011 8042234 914023 3573459
2678504 5689125 6383443 6244101 8185636 1081282
2341881 8438658 3386312 9269935 2101863 6318173
3546960 1329128 952164 2504561 8685946 649400
8739558 8312809 8017267 8139391 8004180 6854613
171720 9763651 8424037 4365077 9474538 9008261
5057393 7877431 928385 4007836 1851720 2945702
1346397 164029 6925252 7156054 5253437 9218654
3254118 1631370 4488178 9144574 3174632 2197051
3815032 4505490 8989076 6479538 3072554 6000216
5259330 8411603 4992286 9298484 1202685 6280441
24822 6842688 8703422 7377458 2150658 7378022
9867464 8885340 6761974 4550886 7816135 4987981
9056289 294563 7678454 1691024 8567596 695976
6850738 6067612 1340186 5065534 9082624 5402263
5948521 5452704 2835292 4244516 3678842 1812291
603231 9610531 9183841 5258870 8032869 3388604
4417596 5020751 4730370 4340549 435327 8047226
7789764 1932980 4409896 8383095 4063671 4538224
3857792 167662 360676 824230 4684821 9479850
8604298 4296029 7729759 838168 4988465 5010748
4852794 5729166 1634816 9332458 7473141 4976229
1690854 1449414 5589680 7966953 1545910 3012484
1107802 871596 470667 6732870 4439891 8730045
4569338 6987517 244024 9716418 2147589 7772472
9066976 3202351 6020920 9335831 1936933 7241243
4139952 9046464 4091726 9279339 191930 5624288
7704625 3933228 8882459 2874557 549965 8908625
3757016 3193492 7784780 4336848 6394017 374674
3289590 6674439 352078 2932878 8251347 2308420
2425337 9734165 1073404 8666788 9980293 5367039
2498922 7505530 8121580 838779 1813232 1643687
9899255 2934730 3930589 7236639 9322742 2056016
5285372 5161977 9295688 5561453 9655414 2350168
4282862 330799 7581027 8686265 4329071 9936078
5043501 8459212 1355996 4477385 1078770 3534800
3503607 9750352 4072476 7034289 7183052 7139823
2425947 4198427 7420943 7056658 4109637 974841
9784033 3805057 4987246 1561743 9602325 9869315
2327522 1795068 7200343 5616662 816608 7983556
918113 8525715 5079740 9474777 3830361 7577115
4799649 1864467 3912245 7646948 3724349 1882652
4995474 4212121 6557097 3822621 6834144 7101487
1718294 3879033 2901804 8116420 944687 112569
9651579 3602161 914658 8349741 3633044 8879850
9108727 6539907 5160956 1960110 4890738 1148868
7724811 6382381 3965480 5716165 2170573 3067648
5030359 9707289 4555812 8020345 3576828 8637751
7388747 4330068 4180361 8160308 9286886 3141537
6193286 1092663 6298350 9567803 4652758 2094000
6985896 9868774 701514 5630729 9456729 1634779
9218919 8241838 8193001 5375947 2912113 7477613
8463405 8860734 1116222 6605299 3953124 8023283
529040 6630613 9544048 8837554 1332174 8444720
4684784 693491 9930488 4105689 7403386 4572760
3082774 4041364 6802057 2183389 3228808 3637109
9461057 7027287 8411793 3651863 7967257 4400697
6723718 1698976 2575599 6254702 5375116 7790373
1651917 4812909 4689297 2767602 4298954 856745
6733835 6055004 8687505 673905 3985379 4411457
8086373 2901086 5517302 432177 8366465 4227263
8597405 6501015 4633435 4817848 5419051 8688307
9429560 6103887 7199315 5602021 7339291 1692399
8722309 6295774 6558117 2091049 406990 9153614
4529458 9150734 5160392 6032916 469212 2346777
7282939 4672347 3300466 3354824 9629901 6275291
4981818 2436667 4711131 3931512 8523379 299355
5916987 1635642 6752869 4869140 5063304 981356
6694545 5604955 8827625 1265666 2951323 8958634
3625567 101226 5682036 7592942 6085733 4381884
9264577 9693728 1839175 8180346 1831494 1018317
8364096 6760094 4867696 2415999 9583262 3737387
2551613 2942138 3078050 3880770 9349737 481962
8238905 3869694 9392799 3482675 3424143 364747
43111 4310827 9691266 4596820 1090618 2454772
2719830 4973797 3917466 317882 2411173 2930066
1420635 4285338 583585 224119 8153783 4855323
5466622 6257871 1852275 4207436 1356183 3110215
1890908 1057044 8929853 7768989 5641477 2863989
2041864 3223605 8553192 2971387 6471391 1495343
6664712 6861939 77529 6795157 3178459 5511669
7386110 5253459 9811948 7294137 1121908 9264973
4792125 4599399 4812340 9515642 3995039 8938409
878303 1722552 1360573 8159893 2415533 9956183
7642501 5060204 609207 7439285 3551297 5781217
1648639 7994563 7616819 3191850 1050574 9434240
7722776 2083403 9733470 6253884 3637412 8785105
6529110 1325212 165386 2209473 8344043 7135796
4805558 2809854 2300229 2910689 6266227 1126681
1031728 1434314 472962 1484723 4604635 8074581
9835020 3651689 201524 1494383 651590 7742528
354891 9999719 7777574 2187526 6700991 2169376
6842363 926989 5845889 1038575 5139128 5513721
4092482 3171384 5530639 4024668 7749739 2018759
8543562 7885189 4719670 7524017 8945492 8625595
5810781 1283673 1298451 104645 2375455 8509798
5476480 1114547 4133580 7983281 5448457 5432467
4128367 7857658 9018832 7730349 6774911 9384898
9988119 8685881 5310147 490854 4672496 3492191
2429084 2882607 5716591 8354457 3859825 6740268
9811763 9884015 9118437 3066580 1859732 7448719
5421552 2791649 476661 5424291 5077465 672352
4201848 4915135 2971301 9430256 8766108 896804
3785247 6166121 2588701 8873293 425170 5605288
4463699 6008143 2937969 4893038 6889432 602101
7909589 6916210 4183851 4003845 5301055 1584697
7552623 3539400 3668613 8005337 2894406 978601
9558846 629886 6258595 9637746 1525231 419110
884772 363088 5958149 3561443 6789039 571274
6992899 6759480 6886016 396342 822342 5880089
2444779 4351146 8358605 8115130 8380225 9142485
2309601 1108295 7567386 7211822 5394910 5854542
8157164 8266341 7930593 1705772 4635758 3407766
3929076 6975572 5036213 8183717 6501356 5833751
6180391 7538660 1161822 4491357 7601352 2237266
5080936 9899316 127038 3825616 1414732 340155
2096761 6460167 2048011 5663230 9712179 1471285
8616851 6945136 9439615 7684144 5545655 7191941
9988711 5479430 4807592 9817582 855897 9760298
5455850 2590327 494994 4044388 3083051 7704022
6776723 6059007 352331 7576010 8323708 591904
1098791 8459202 6781794 4295171 3641449 2079083
1578766 1311521 7793705 488585 4952916 5835497
3639524 9858233 692039 8207027 9883808 378155
3217383 3605972 749888 8959826 2524162 1711895
8515174 8597329 1395986 177649 5048033 8258610
3992531 8518922 5696692 8867138 4638564 3899135
3829954 2724917 7258610 7457651 1649135 6057532
8228484 9951464 9922443 8488674 7894455 7357215
8725520 8479377 4042976 276655 7564127 4175906
4975226 8456336 5847796 6980776 3334308 2727979
170738 3128764 6626132 4984563 315392 9834629
9636472 2580776 6973285 325009 385693 2082926
5991069 2208091 8469514 745650 6041294 9369372
5778905 6106549 2885379 3982622 176177 6777467
6324605 1585690 8744189 6278602 2226964 2382250
3631673 3668559 7942892 5727571 2803011 9151567
4312069 4977256 8056514 9977810 8955737 51098
8045329 5633299 353117 7180792 5767421 2229444
2885416 2360284 4423564 3598 9407541 4391080
5289635 7184438 2288600 1588477 5894124 8634287
8827300 5184484 7013506 1712389 1505260 6102821
1343295 9419446 309400 6884267 2842159 6213099
554419 2062966 3890393 9392551 5113875 8452572
9715440 863699 2039100 9079113 6084648 5582595
8878993 2777187 6282654 9658801 1633788 499061
7694008 791769 1686790 1212920 5458654 2677181
8938691 8112628 3757814 977830 5128691 5273033
6029666 538178 7942516 1508280 5656840 8897520
1550862 378144 8620486 7484880 4927210 8296074
6198355 8802840 8461005 1765619 2954143 2822778
4464220 7489440 6006491 127379 3522081 2150322
3805320 4677580 610757 6790571 6688804 3104807
419097 7141340 4908713 4676578 8947923 3269296
8234954 720212 5132499 9756637 1818464 181598
4977171 863435 3124347 3852985 8805896 9041111
1075529 2115201 5937634 2612655 2430920 7956824
803466 500842 4816787 7677636 3584644 9061665
520540 2323046 159845 5462921 3685461 5742222
2993500 8458887 7972628 8552504 7652949 2950667
3462787 384916 826264 3747906 3831802 3092200
3756667 2403653 2281998 4891490 3670595 7981672
5163530 727060 623029 3505055 6797922 1215782
8023056 5911727 443653 3845679 4532386 1595898
5662076 7890538 2088776 2528060 9814880 8958170
4855164 8418521 1481236 2308232 43544 9260475
1691079 4295355 58901 5295666 2937240 670104
6936768 4985877 7844750 3222417 5429513 5703504
8210352 3128616 8210959 8041389 6208083 9794387
3440329 696850 4620480 1582671 2601929 6940167
3091910 7647940 87148 1720750 1604321 6471346
3095333 9442184 6432156 5203025 9180585 5147467
4993495 7447156 3358316 6970022 213153 6499022
9018270 7664413 1527 8390830 4706225 934002
9636231 1913061 2824612 5014166 8508606 4477859
5628493 3956078 2428717 6682038 1183703 2141203
4123781 4416723 5127687 2233094 6148309 7237215
5345913 6280323 5284330 495629 2866789 8766995
5637531 702806 3806586 198463 5595207 3844319
2750442 3774049 1897590 3453159 8640230 7331000
2566888 1279672 8987064 9110239 6630477 9158392
809470 9450219 1504855 1036157 4252827 3711445
1316163 1002379 9836930 9676382 7543654 4040049
3722736 2650031 437119 3340911 9739585 7730233
6397364 3854182 3908653 4416421 4478592 5966028
6224033 8971200 7520990 7563576 4644833 2979738
6232611 5317221 1757184 4300620 4540524 1611559
7394192 8604892 7252346 7013897 5320285 2384789
5538735 1319047 233322 2861033 2429929 4183160
4799684 3432440 5541284 7958771 506112 794263
4877146 8473467 719665 2244445 601928 5266542
9968946 2214463 9988852 4560094 8813030 2366226
1770264 2092167 6601557 5460702 1291869 3837422
4562789 7727145 1778793 102025 6172822 3858915
7454135 555654 8525006 2383783 3379126 1762529
5537167 2882801 4629974 6944142 7610463 6483348
9159012 8136651 2413352 8394988 8775703 3588618
9216909 8162843 153715 8691678 2852153 1627526
8162434 8758652 251200 2198306 1969778 3726621
8181805 6182967 5920460 1768058 8224172 2322657
5531252 9542160 7249378 6551981 4911634 8444621
8415674 3716125 9522370 3577320 3613818 4369382
4385601 8692777 3658055 5778685 574794 6452042
1967240 5795684 7827362 400555 7844039 5995384
5562405 4428910 2157546 8094833 6613115 3975050
6004310 9970735 1616558 2915115 2065973 7648393
9332096 9097608 1499107 5372670 1266 2005561
3873559 554729 1928382 8289379 4945396 4387906
7261056 6446584 6237967 719408 3843152 6973526
8549614 5099769 2384409 3768813 3219313 7166537
1301580 3374077 2868427 9956123 2616349 2615265
1020682 1983592 2368454 8404364 9117903 6324458
4489635 8878537 745076 186979 7388868 4623401
1267449 1304355 4948345 9249091 2999201 6011400
780213 2890511 4950943 4938622 1876152 261385
2347514 5925483 996917 433976 7647006 7488509
1812715 2725231 2603482 147572 7402340 3585260
8571585 3300339 3132500 5515619 7321090 2809428
3560251 6033197 1139904 4157009 1027476 4465735
2829887 7718032 5067554 8268766 8790650 4000827
8310296 8115781 4191730 592758 6963734 3648275
2772305 3019149 2649873 9914320 3432532 4804965
7923338 2957496 4902154 6903863 5230777 4557808
2438725 3718784 3244893 4906953 6207339 8274006
2663678 5766514 9810651 9751991 355166 7483182
2370375 2107827 6325227 6515876 4309113 7850723
9007052 3862026 9946638 7327695 5682313 2668617
4591257 7701954 4804402 9475609 6155193 9225069
3011704 351296 3843834 1090582 4989398 5740430
8518679 9885291 3271566 3260184 4788367 7633649
626934 2268490 9624526 6790628 4312234 5441483
7183252 7588573 5880807 221192 7001293 8435536
9899419 93111 4007401 7885249 6592459 8390903
2430483 6995112 2684751 7520442 3328422 5111805
9346493 5159483 8648796 1705209 4388356 491489
7876971 3198315 4004929 2299019 9808080 608446
8314684 4423211 175323 4572247 5180991 1507742
8771522 8169058 7955132 3373239 9018991 2141543
2117361 1673918 6366328 6776245 3371108 9861356
116027 8927436 3535812 4079420 8851566 6291708
701477 1026703 5105505 3497648 1517550 6977915
582481 9544219 1356055 2966430 5851281 7042806
1593892 4454399 2652049 2050254 1077360 3015754
3554205 2824461 387036 845522 9359811 792603
1225296 8573713 3401945 1707774 211231 4171539
4132588 1207636 7849951 7343218 7500907 5325898
3335939 9341651 7004862 7769657 7286775 1990427
717025 2810619 3504145 7048948 9497072 7108580
1525444 1780842 8448008 1651028 7516477 5287023
9736130 5152412 8020961 1010619 6944575 5906761
5593698 1948419 2426343 3941805 7597129 6686271
1302531 2059694 359330 5298854 6306450 2287351
8934813 4889268 5501874 5421882 6688896 7691449
9710205 9216293 7040534 6300604 3847108 7772269
3970497 6457954 1210694 6515977 7166300 2888384
903950 6553942 7936188 59363 490638 1072579
5074093 3185373 1871821 3645213 2356640 7033922
2647468 8320120 7241762 3796396 7327156 494235
3113914 5728329 6588905 8455311 8371897 7897605
6962930 5327834 4461617 7179469 2998459 5045837
1188396 8368025 7507248 829257 6778529 8681873
1145209 8360754 1195502 594949 963472 3979102
7036003 3997790 9060122 3434953 1416003 3371871
1629728 6660413 6985895 6571419 659417 1676775
4343219 2881796 6763020 2755795 765877 2283417
7209477 7617908 9979468 629032 8959494 1873241
1302156 3865369 9266223 3610947 4190015 4566699
9959368 3333831 4217366 2633623 2879937 2503036
5254661 5968186 3978520 3447611 7057995 4233396
7497740 9670360 414753 7907109 9947058 2639141
4968823 4134743 6979151 4267822 6789174 5022307
9626928 7177567 1528257 1936979 7122288 1003162
9681041 5857473 405464 4439716 5078065 7803247
1727228 6743801 2388989 8545863 9030145 7668373
8945791 2196250 6251597 3322300 4091306 5347929
9273102 2297455 8569862 8052416 2552408 9553457
6999854 5597030 6471718 451757 3091149 1391660
2810117 5453286 3658062 583780 8738136 5674727
2914733 4682581 455495 3892498 8201193 4565382
9129244 2478220 5893771 9658214 5815571 9617869
3963712 2151738 9149522 6050379 5841105 3401854
7347728 1656725 6421297 8831974 4502400 6979867
3833795 9629018 981539 5782543 5968786 1480201
7837405 3391004 917783 2031235 5214574 1967362
9514803 2278028 2236851 1984090 3956294 3782204
4299006 6428673 8315218 271497 9473635 6969053
3851987 263006 9330610 7171709 4185782 2941026
4688074 6614414 3928187 408478 1512251 8049570
7343180 9220941 6673007 214706 4075752 6930131
9040492 4676101 4763772 8912055 8980420 8810579
1785406 2766786 7046115 1097897 1617809 4470077
5330313 9044143 3648624 3856012 1719206 8284324
1236727 2892019 6393263 3380077 2986063 4070562
5673573 6681475 8212823 6100700 7044162 1690437
7870634 3041579 7346949 6681460 172771 4065615
174244 6462305 812164 1262873 3666879 9308949
5162843 6213265 5233813 6521605 1378013 6992137
2083134 1168488 6786721 9808105 1078013 2948295
7918618 2146906 2920142 4641891 3196871 5997419
8993192 1886843 3073108 3359939 3104065 805926
5059187 6281158 3810801 7270918 6247554 9215068
4842397 9474078 1305793 1761371 3937181 9441393
411674 9898328 699801 8264574 4132430 8490106
8931269 1554328 2286472 7183789 9683337 8982468
6379866 6542098 9457610 3849016 5307858 6736529
7414579 3588989 9631751 2352669 9951330 6343826
4799908 3236408 6425768 459906 2023282 5735857
903607 7131192 5786449 9208071 8911411 4193729
452243 4577497 5521051 6286940 6266829 6345904
4612985 9734475 3359878 5910611 3796329 1760431
8571891 3461837 5499182 4635860 3984971 8753816
9412305 5878246 1405112 2339893 3071754 4250798
199756 8961444 4445927 6066579 3081480 8156722
1650967 1735341 2182371 1300922 1198198 4146293
7151908 611760 8061786 7020834 1193673 3638558
8297197 4034225 1137036 3665770 7923247 5991392
7280087 6543085 8622132 6311681 8580783 630211
2078020 8644943 4665145 2574502 5706565 8745438
7391710 2880425 6780275 8807271 2537679 3013602
8296047 9259513 665863 3894081 3736656 5178903
3744891 5408511 905926 1401058 9540156 299811
1301150 8178186 730185 2594675 4869617 8717826
4013839 3495491 6788127 762046 575857 9484363
7959468 791753 3297592 2984807 5328626 2396755
7662388 5969191 5643709 8940653 8571067 3791497
60746 7106942 7479262 4712617 6496638 8217089
4482604 5198506 8826077 4080998 2445522 6796807
5097662 8344999 8183433 4871132 8445245 3270730
5087101 6838570 8935673 3340726 229846 9329567
3197182 6512434 6283982 7700229 789658 286975
3102058 9724092 5648239 5234206 7310860 9770788
9691809 6172249 999036 9865598 437524 2661845
509053 2020999 827636 3083157 4142212 4974940
2491038 3052318 1488999 810762 1572877 4957886
3028063 3414344 3024509 4543490 7187273 4843815
3184371 9799892 3690110 7209486 352946 6039674
4917011 3291772 5821205 228752 3660408 1625272
5569733 2926545 1782972 3077192 860881 7037172
4667494 15091 8261426 4055286 223798 2973668
2180586 1358824 9578585 5504104 1722115 6011981
8731835 7967805 3681826 3887429 9237387 8711531
5323932 2397428 4706015 1392828 80378 7043934
1606614 4982318 67437 7778633 4083207 6655486
8397266 4682693 1245637 2940099 6128200 8933940
6088651 448618 1551882 4009643 3196199 9695040
9037085 132977 5702027 5773717 2824937 8377600
456449 5065160 2220019 580622 4385395 3864607
2589887 2750304 345835 9988758 570183 2534452
4129756 3992147 9776258 6794593 9263514 4284564
8133898 789272 3978685 6225768 5453518 5303616
3670288 6978525 5528573 7550753 6722724 6753771
2583836 2994401 5657096 3813181 7485950 3470663
426237 2418567 5228824 7977361 2584123 3967864
3028033 6882572 9938342 6140253 7991070 4673740
7854674 7299231 7766917 7946751 4042749 3746429
4696246 4518774 1617178 3465754 4901623 4560428
7477967 9702766 5865219 7017231 8053354 7947090
8095557 3432451 3915962 8447820 8154061 9090423
1156543 7482027 3066119 3265666 5943439 9503815
7302478 5398166 9446110 4590464 935145 5220615
6553009 213866 8346738 8059893 5691089 6205921
9357443 31360 8481410 4627518 5156309 3192000
8416877 5014411 6988484 4247311 3715278 9405932
2519138 2757113 6804855 6695802 869117 1906929
6354298 1837470 3778781 929852 9463053 3283169
9767405 6308302 8349999 121579 1833328 7084525
8004681 1455491 3340701 9871007 9330840 2559606
5743376 9395987 738302 7037239 4128794 5345968
4737743 5410006 1552945 8360999 9498890 5206455
8467442 9071949 9995403 6917287 7944798 2119594
1287990 6877108 6137531 8950093 2321785 3466496
7073288 6808411 6209410 1119206 5067185 2634074
1102425 7440578 5865285 4732030 3745841 6896233
9370213 5682519 6557665 9200504 3890491 4510213
8291319 1656397 3933404 760367 8701535 217653
3742204 4025779 1352678 8526009 7176321 3164427
3247453 9779374 1031663 1402486 6497885 8883824
1510723 3881788 5591766 6604177 7312549 7128391
2284522 4483533 6168044 9012594 5606136 6178143
3528152 7254638 9122635 5239788 8635449 1923875
1124846 2490224 8016014 6516601 1787859 1205258
5838317 2462346 7585508 6149655 6295499 9160042
9692656 3280826 2521607 6860310 6838546 3349640
6886565 1573820 3601196 7672203 6790265 194
2834557 5603290 8846287 7127461 4094328 1503656
4196833 3255471 7261134 9571735 4264564 5391298
5280034 6117380 7632019 8305478 2350516 6253310
2242988 4124557 4569497 9915579 8037531 8237204
6698290 1129471 7203970 2986718 9968609 844709
9739567 6378947 430910 5538628 1465102 5227710
9419201 7290351 1592089 2581868 4955212 9633094
4675935 4092979 4493013 2670218 3861284 102475
462316 5941572 8584898 8563912 7237754 8148043
3053385 8675098 4985087 86701 2398805 1979614
2494798 6534616 1099876 1270909 1746149 539753
5730104 1128591 9969933 1984220 4095699 3254804
1499273 6772067 5287698 2088081 2395547 8509899
8311346 2459774 6569271 6536273 6204028 3360136
6850564 5613700 7552446 4919637 9665655 9453251
2105944 5641936 8283290 5156632 9242471 1029071
3934022 3066095 6750854 2613480 6474990 7024523
1153490 4809492 9810048 8085380 461770 6189608
9686483 8030293 387236 9152050 2259969 2207354
5142425 2361656 1193867 6560988 8788562 1915555
7095755 5125663 8963526 3113786 9901881 7422051
4443084 2477759 6166725 2732590 7984641 9474538
2613895 566630 6051082 8566323 8251055 2872311
8256962 4817872 917488 7499292 2373156 3948306
3932780 4209061 108257 9151231 8789512 75460
6684330 1361669 4597751 4336872 7082096 8145095
3538106 4821200 795958 1992763 7109006 3737549
8845660 3572341 2044142 7898412 9275142 2220526
5935808 3935487 9899853 9769530 5826841 461106
9154845 5639927 8443295 672562 5183631 4974637
9090634 6704120 366396 2059157 2263053 8593290
9738622 4345676 1492424 4872748 2539306 3065805
3284237 6293569 6747079 7929217 9378411 8665286
3662788 7225452 7769166 7263109 5419111 2756751
7361784 5156538 3693744 2043367 1783214 3556349
6181871 9700784 2398447 1603816 3106980 684719
3714078 3890398 7591153 5419489 9610249 222967
2727938 388463 9869687 9127957 4622982 8647928
5574117 5863988 3947506 7475311 4552204 9406225
8556746 6524793 7758335 5077107 4746550 7254452
4038570 3273742 8866834 6626397 9439060 7448172
5024855 5883034 4599154 5775568 9724279 1892032
7413147 1809921 7254362 6942861 3878759 7299740
303369 4748165 8364475 3578598 6867479 8987560
8281274 8829509 2573474 388831 8124892 8805533
8726781 7331486 3546554 6030000 4606009 8366054
280097 7562512 7666717 2834838 7782622 5657088
4646948 9223287 9026276 5510170 2990284 6063126
8506832 975999 1542939 9672722 1492402 8674470
7639810 9871967 9412931 2271515 1894402 7013934
5684041 7333745 8774472 3172823 8874068 6847290
6671108 3263477 269427 6008916 8199790 950236
8343124 3383450 4881276 2807979 443743 1187009
659115 5067040 3347886 1214821 3494933 7675235
3372723 9178447 5902455 3044758 3980910 2442147
5904330 5992216 3100973 8192345 4460144 3704417
5859488 3904051 9912893 5612648 7164216 8202549
5995120 5373528 8318532 1655549 6150785 3426989
1981297 7093453 172970 1341391 567623 1772541
571545 9704995 5786788 246239 4738217 7996124
1423959 9589094 6919892 9434833 92271 8303011
7458971 7406152 9747872 48106 7950176 7783903
9282435 4851050 4126071 1868159 4900129 7373329
1190423 7986122 6824584 927101 2533264 4027902
1861755 3933573 8503186 2926063 7523774 8308066
3013382 370794 9520285 8689179 4186604 8277175
3520670 2215530 7146591 8516587 632000 8913360
9267392 421578 3773690 7542352 1821271 9011792
8794634 6219637 705860 6912703 7828357 5164538
2743396 816867 2736646 7387842 5852462 5860978
1555560 4760371 1586332 5470086 2373082 7687420
4644718 1100800 5571823 2273103 3264262 8606333
7390997 2420514 9711071 2105242 9779868 899007
9928158 4401188 1477757 3543999 3825204 6942876
2743857 4520258 2303726 9722941 5418294 1284518
8168639 6852155 7252984 2517829 9855281 5998081
818032 2456696 9484454 1212996 8768150 6471658
1431758 6517746 2211433 3633995 1851530 2361861
9524110 8647311 986757 3494928 8618224 9041635
1130384 7383147 3552285 4109611 9996017 1181733
8019553 1980670 9268607 2097282 6603390 1252685
1660507 7652270 8608311 806607 9204439 4412319
9567975 4811955 1402607 7987887 1732388 2203425
699345 8940760 9685612 8313635 2346369 4148596
184461 9241626 7200979 9395645 3168585 9939775
4138752 2318170 3087055 2912567 472888 5465251
8810603 5247291 6047899 8180689 1184105 4775426
2557385 881969 6787839 551480 1740911 460960
4614366 1480901 4316512 5469931 8047179 7331076
9219815 5029806 3070669 4694754 7660905 9361746
5781713 4097514 8763550 1201661 2245746 9169281
4267749 2495875 3173945 7706345 6639895 7505852
7060509 433145 2300377 8451874 5699894 9027629
8683376 7975039 3025651 5449744 4770263 2309614
9549762 5718857 100255 3969920 359804 9813573
7573842 5804959 7900700 4186469 3174067 87460
1109554 2524895 6395895 3745280 9012811 366724
7490495 3972634 1251855 9753101 2059682 805576
2802720 4911065 7329278 5581129 6561502 1515430
286891 4917830 4611280 8363853 3357756 543274
4600100 6945026 1926519 2652755 5456399 9652709
2335260 6681400 7660334 3943407 5642826 4574340
6916774 2283289 2070474 2239644 726764 6991949
3396591 4369896 8436316 4150915 1268594 1017217
3626105 7178235 2926590 2924037 37789 8836124
6015673 2613392 5510824 3846210 8049846 9996002
2625124 8120881 1549014 2114240 9897316 4606184
6653677 4064127 5618644 9820418 5118837 8098683
7564558 6006512 5456828 6282490 5593169 3905476
7394259 6234440 4228491 1772095 9145198 2063737
6610256 737638 8181688 1588379 9372271 8317744
6517600 7008313 6613399 2886961 792661 1224281
4958820 8950904 9920522 2080689 2929616 2477899
8065910 4384624 1104929 810786 8871073 2299319
4103614 8738961 9113186 297162 2096092 5222842
2239222 6066295 5038151 9193398 7610880 481405
5311471 539961 7532901 9610263 1512965 1275025
5275533 5702444 5479014 904848 9974900 9718161
9794653 1222752 8894744 6047493 9945456 6895976
4200805 3977956 9510240 6461981 234467 6397661
6560423 3618653 4190439 9966082 7455389 9181095
3563370 2140415 1309410 8823521 7723154 4946842
2943353 1776260 5774061 8512572 7692259 1523697
2666937 9896099 3487021 1021472 2538117 8336114
9654173 9557200 3491524 7569931 4879656 869783
2569617 6502488 9482148 4086155 2188251 6034530
3971666 4141463 529979 760113 4410004 5101199
3336908 3822295 2086969 4296735 9660401 4284933
4464035 7241628 7521890 864754 1445512 5302738
2792803 6413425 5703221 2618949 8528594 9125528
7363761 7607705 5973926 5816867 3201788 1421365
4232023 1964478 1406874 1773737 9219324 4721935
376543 3585938 9383359 5469209 8469837 7461612
8972756 8503810 5810545 6265327 8358838 9055910
1133267 7879011 5894153 3402401 9439775 771280
3240214 8338767 5266184 4630534 4833657 4360870
3225381 3111191 5124118 7261624 4072747 8259603
7156851 1075659 7743076 1103654 6706237 8311161
1471291 7323050 1942811 598899 1803590 3611574
1338585 8038527 7269004 8920861 5484535 5834956
5756086 1236996 4803532 2590248 5703358 5686797
7377793 9997187 5258114 4603782 6962281 3537405
1829766 1845380 4990094 3645071 2108807 7986309
5608436 3336753 7543297 225378 3428085 8859086
3651425 4417767 7650156 1558049 3805933 3596623
1769414 3681120 3297691 701454 8864619 4975252
4375284 8527921 8950324 9126474 7190127 6043686
4673139 236186 4386406 4732209 5568650 5981
6757779 1606933 9444395 8476204 1506055 7003532
254886 1274300 9785176 2806654 4328299 1280744
1289220 6146640 161235 8517490 4656751 839796
6033906 5033772 3102245 471619 52587 7129216
4909529 6171074 6147675 8347922 7413181 3590726
5608178 3235035 4827491 2565190 2129627 3820475
2580712 4720791 3374979 9023388 1749424 4252818
32175 770560 7641026 3692691 7417377 8179489
6565867 2074942 7525267 3904412 7584749 1817502
5347837 2958548 3025109 3840623 2199105 9029572
6290369 8174886 9124922 3011469 3410139 4924417
7125875 6405225 7816366 8331556 6717653 2424138
7433602 4590174 5328155 7042886 9731635 6865789
5362268 1853935 6038826 3615754 4120170 8971387
16344 3492566 3233651 1490050 2293689 6310450
3416890 379028 40292 620091 2514269 335692
8666761 5318720 5132713 123259 8797481 8558810
7173194 8884288 5608377 169971 4782189 5332458
538050 3684796 9129941 5304216 2924384 1329767
6084449 4746464 381569 4403657 6795314 4173000
8043643 5885436 5000855 8869559 2722214 9117309
4488387 5200266 1610802 3507748 5273836 1064823
7073270 6872364 4336731 8944288 8057520 8406709
1472063 8116287 4464104 4689489 4752343 9253800
3864658 1967587 5088318 1340200 8924347 1443568
2762227 3427631 7186739 3512001 8943093 7850324
8949001 4384927 2428828 5196135 311852 5546529
3435735 5403944 1629004 5763189 1198670 3130199
7891927 7925246 4980463 3429744 5339595 9856463
7486723 4099673 9236136 5772667 5259172 5053323
7118922 9133108 9939474 3669642 2309887 9871545
1005557 7811214 7532584 8459333 2127041 9604832
5662177 8752026 8190948 4923994 5804987 4700924
5102476 7778148 2909450 8562891 3385025 1294051
4679793 6929001 1440610 6033092 4620131 9205948
2930067 7764089 2264965 3983066 9174670 3850684
3313953 2269209 1841493 1592878 8285166 3934285
9507450 7974623 1088161 8552831 2408797 73486
1272683 5277113 8276524 5670477 618327 6214747
9416357 7647489 9519701 3255344 2082046 9032326
7382615 8569424 1925475 390795 6836159 2346999
5239493 9229630 2301725 6492008 5213053 4647562
845481 5226704 4303055 7356326 1849284 7053147
6676027 2370562 3203308 8881105 9840526 231375
2693288 6491941 9914978 9160828 2434619 9460494
9721168 5871385 6361139 7719561 5513617 5431825
6825167 1639904 1677098 1432050 5095546 2127783
3274265 4117270 356486 2904532 6578154 2601203
5290210 8879378 4350856 3583500 2918602 6636657
1067284 8718025 8160694 5429479 8970812 5538174
3394285 5149724 6095233 5799830 1302229 4690798
6346372 9452927 1410303 7697513 6739433 6955111
2987666 3145975 6808300 5212446 9516010 7897561
7864097 1326139 5112477 303172 1721239 3364714
9993892 1453988 2121739 870598 5511577 1360305
3120079 8848394 3122769 2941165 731533 3613864
4960002 1880287 7585745 7713763 1787283 4028285
1969433 9162619 6770411 912659 6046776 9265883
876777 3887244 1279325 14577 2761444 8942014
861150 9557569 3181832 9693122 3294457 1199131
4353068 6310858 1047761 9249217 6186901 5918332
2949494 5977107 4251615 7797476 5279278 4289783
653784 1192274 891479 4474631 1541736 9574430
2403504 8081359 2918004 4834702 2937494 8752993
5147889 9820736 4443081 2454633 6030208 7061284
1148529 2690890 7642613 8933574 2575893 7565769
1799992 8416158 7887187 5673115 3453939 7531664
9599702 8843465 4968767 9444081 406034 1818334
8174328 9494690 4133981 5881661 9013729 3132718
7750627 991515 369209 8299357 7150607 5040009
7511703 7856292 8366924 8719490 1836606 6809475
5353695 513807 9111199 8214969 1424654 4356423
257818 5697481 1659356 7657365 9468482 1437700
364031 7974982 878658 7341798 6810146 7640801
8757499 7407565 607388 6705904 4791657 9057625
296945 5525919 271815 6732071 6818548 8308860
3363636 571929 4980891 3245412 3526376 3086324
4886008 735425 7568609 9121661 1127436 5570173
111130 4308141 1046162 1936528 2500561 3416542
603885 7185051 109070 9906481 4676903 927393
3471724 1952838 5744956 7462755 634617 6265622
1973669 3197124 1841862 916121 8467269 8451686
6982544 7938483 5382644 2918545 9663294 7125082
3795563 1499127 8706930 6860475 237870 5039657
1322675 8771552 6179370 5526292 985055 9793689
8913285 4338114 980375 3293008 5003478 7143524
7312866 2475275 8690155 5264808 6652770 6009519
359510 4733850 6764981 2229180 3430322 1238084
5841841 8140953 7824984 505167 8792317 1059159
7195853 4596888 7440910 6366626 3169269 7272201
4022542 262005 3653579 1538729 313727 1267008
9278006 2575978 1840795 9923506 7315264 3958888
6508645 6091463 1104375 6247644 3459251 9519569
354358 7468311 3507619 589768 6330138 5645554
4753127 1013538 1873166 6940025 6510405 7368418
5165415 9801647 3009537 8037314 1324211 76256
5474476 311995 1375895 974735 6547709 1501699
8854361 1778263 6879124 8053489 3872244 8912605
5117098 8945857 5104074 4204064 2394033 3172800
2607853 5471091 7406924 1217001 2160398 794686
4740910 8268823 8620049 6209665 7083257 1845758
7006565 4215690 3418982 7768401 318124 8036799
819689 8696092 3926267 5340178 2703193 9966594
9983450 3647524 5778545 2644856 7422046 420874
3424799 6646395 9303498 6397943 1988479 83729
7535217 3080135 9487319 7144702 8299329 1033556
7720449 2770048 6547302 7294938 698904 5976401
5355575 3214888 5990589 9886577 8087514 2468114
3682049 5001967 8936979 4464339 8291073 6385794
2117896 5116051 2665874 4214360 1346248 8300762
685281 9878671 5052978 6728347 7731446 4482321
8955299 7777469 8960980 663735 469637 1615063
241223 6313336 725306 3315064 4012809 2343618
8071640 5029184 2093943 8372520 9222104 356722
3035300 4589213 378759 9711066 5796296 3666392
5463044 2628565 3183188 7209496 3052298 3259201
6772605 4131805 4290726 8253493 4880067 6576123
4592493 8513519 435382 1278894 3238317 235454
6680199 5459859 638689 8651149 254647 395135
8057349 2391379 7158906 8599506 8130073 6772157
3999527 9475039 7982362 934647 7684513 9519557
4160474 814933 5720101 4915660 7382256 9531233
3481901 4926976 1778990 4504377 333684 2932963
4985824 7526845 5026801 8245541 7600155 3475324
3976798 6480445 3807500 841612 8105343 3847377
3057936 8523924 8004448 2498214 9861949 8616622
8954389 6156916 1666298 941695 8110704 6728438
2613339 4350263 6449985 2528450 1825963 5513218
9156435 6299026 9224060 5373143 8908668 3996746
1213054 2324088 8428626 3467493 175736 1099049
7210988 9784705 7784919 9972711 7616183 2317539
4574396 8128874 9607019 4571339 3966967 8257755
8137638 55401 6950234 1119219 4822766 2523133
2760037 817258 1126240 2280399 6298419 2571518
6408882 6037940 2189548 3155310 6155800 3765995
7774803 2636102 2626248 882043 4630640 8531614
705241 6562055 1255073 893594 6466362 6672154
3027777 4713792 5204428 9739932 7154568 2965840
2549118 402695 8846605 7017515 9421025 7140217
8701373 49596 2946225 5913979 5893627 5876184
5608338 3347557 2770982 1224243 3153961 6593126
626815 3592855 3402991 2201093 832533 4402376
4498046 3103488 5030671 6762697 8436260 3090610
7740695 299206 9460249 6179860 6632955 6026539
8667998 9591501 8353397 5126452 8306644 6680287
3242078 129398 7848716 4733691 3476752 8956535
1068003 9505985 9312663 2777022 5039587 9884963
6775146 3121433 7360308 7869353 1472310 3882458
6177171 6092910 1916287 119605 4106811 822430
5467074 3731881 2890027 2111802 4703895 4235121
9308061 7075890 1193665 7893707 8289866 3277828
2013968 3334501 5216133 1761726 9141148 6606940
6274074 8849768 7168577 7491392 955668 8155901
4432836 7061308 3202463 5789267 5156658 9200143
3164342 4209457 4112258 8370065 8380396 3114037
3668891 3295104 1529910 6742477 3051643 3604036
3962977 4989260 9699692 3092450 5322967 74755
2834677 8756027 1083623 7992559 3831107 5876036
1988855 9738433 1046420 7640489 9370179 482234
7640732 6416621 6284159 7212721 3893598 2403352
7490501 7025484 4894714 9440924 5531256 3385156
9754981 9137184 94554 1041109 8775298 5499448
7854420 3820552 8167570 1007135 3424010 9858288
6508274 8622972 4808500 618611 9525298 48283
6944249 3351333 707727 9083179 3310342 5225816
6396700 666254 422060 5147373 3047765 9022375
4191258 2898260 2291446 1402048 702693 2954984
1268703 8150745 3872921 4744722 733500 9792886
8228393 2642690 8781222 4754328 75196 7821195
5301909 8555856 6871993 4663902 1148442 5302138
9513920 935581 5142615 7520942 5490347 7592637
1413752 9107743 9362199 9641137 1476467 4241713
5160398 3636383 9836525 4546093 6913849 5160573
5979611 6201313 6929795 7141092 9256207 4838546
9013616 9617697 3764104 6354732 9267596 4554438
3399871 2720774 3385915 3337731 1111714 2286623
2001197 8735641 6574220 8585788 4486084 4984711
9064474 1680316 7159439 2242046 8514534 2826715
7321366 7960034 5654370 2791865 811199 1198431
4796398 3301760 4222542 976986 7558402 106121
275066 4653538 8333731 8312997 6533911 3323432
7274310 7747302 6211045 3535092 2540863 3400640
3546870 541234 1682739 104289 5126015 2356671
3596819 2031124 8490970 4198554 1725610 2787391
2141636 9599154 1572667 1806242 5509046 6105344
3392638 2790958 7740758 628259 7082137 1155209
4408724 7745654 2146144 1861656 5410538 4400224
9282945 8224442 4084255 5801286 8060363 3463232
499247 9892225 5155091 933273 2340534 5959407
368835 8793398 625351 3237750 4822003 3576550
2289308 4089497 904590 8448979 4833778 4784666
6311831 7017956 8645877 5541348 7611956 6685843
3081796 7764940 4746351 9990243 6634022 478837
9019672 8566278 8119832 7303091 1429023 4651753
5152170 1031311 8737896 3475376 6091836 5190036
220936 3700150 3145706 6087879 507898 7341067
3738736 7952500 5996690 1456301 5930054 5113337
5874622 5503985 157003 9263959 2654167 6268626
8593866 6829683 1360026 928667 1431548 4827498
2040557 7687009 1343374 1679461 9659559 5590350
8658273 7243411 6715579 1192060 3675225 1346113
3051842 2814994 2374475 6040952 9341888 2646941
8510728 7976451 1224297 9548702 2146832 4073195
6721795 8368337 3252579 7123518 7417234 9628467
4115544 3593158 5406393 144467 6131171 8986984
6902472 4769811 6155690 9127531 6186668 65620
9410686 1342232 828642 9826920 8834508 7536180
1257406 6806872 2474185 1230746 2497009 58065
1742380 3147073 7933538 5552188 7795203 5153897
9406037 440392 6486983 8007886 1372469 6022231
2258747 1786669 6006373 1144338 3206348 7583217
9254958 5558015 8354425 5495495 2522781 6672694
4466971 5644092 6060862 1852105 5768761 7920660
8937700 8623669 4350632 2988846 904238 1893539
6826368 5875788 9356881 8776629 7460911 6100038
5596003 3650602 463513 3010918 9322485 8550018
5781737 9758588 5572305 4241318 552185 2154856
5873087 1072944 6669124 6725685 464011 9071772
7175867 9710528 5349817 633166 7095587 107655
4572164 6342433 8481533 5427892 9825795 7529430
5834383 7783948 6450885 7895663 4439936 5199577
385947 8675546 8300983 1644782 2429343 2003082
4180023 6148564 1433410 8655942 3539936 7325229
8136015 891813 8605683 1869403 8578014 557847
422808 331216 597160 4156170 3901908 769711
4672751 977487 208498 3197386 2694908 6517945
8793363 4282583 7932844 1046224 6222474 7234713
4521031 3594754 5777545 8296860 4059978 5950834
6910481 4960889 4236094 6718821 602403 2038512
6964593 3931457 6851671 67423 1935622 1890310
8463356 4975062 9313878 8585166 1609998 3802357
2465938 165184 6720535 7055722 6738173 2700883
3485043 5148460 5416745 70518 6081784 3179014
1834937 7847929 2256295 7324454 3405066 3997172
7992696 6102287 9451435 1354496 1077051 8293961
6781775 5688943 3283433 7019831 2105140 5683592
5767507 9499537 554122 8788648 9358625 3411269
5942599 7758477 3381314 5229762 2346141 1901366
5255479 297541 1805415 9295904 5766166 8975219
5402244 2212867 8090571 5294295 7255739 3331330
7941698 2883541 1122832 7618000 1609901 4575250
2367323 8675325 2200652 9718590 4894806 1063558
4660271 3055928 2464543 1795381 7073482 7424569
4012574 6622983 8870955 7319129 8438278 1763443
2223711 4816158 9679541 6300189 4640308 2792773
9896736 730313 3138056 3573637 2541686 2139261
8140745 6032291 6048756 4149812 9790455 5038097
6593300 1476991 2138934 393019 7339929 4748516
3999541 8306049 1892809 7816228 4000702 2065775
1907855 4298687 1142150 1551591 3318099 2071024
8238786 8177617 3508217 637478 7133942 3981006
3572465 708175 6717636 4265897 5793301 3947544
7308819 4318001 7782703 7781053 2141585 1603371
2026201 9694019 9168398 6355219 907352 9586235
6643271 1354708 8327582 5821982 8708711 7175321
9627706 2178966 9328565 3210383 4610704 7920905
7090328 2834223 2319791 1217899 605024 4015714
3711942 5317494 9705225 7179879 8167700 9726746
7657956 760431 184399 6947729 2486621 6545431
2798146 4342568 2071191 1621588 1565025 8483583
254068 170702 8431267 8394890 2620136 2112691
547998 278175 5539657 4640720 1492445 1850911
7995684 8164166 5376832 3694360 3478088 6687067
9549077 5040871 7241261 1983859 4122117 434064
1492249 3311274 2171088 2731322 7336882 588833
4455085 6434443 3169407 9198079 9480347 1801405
120413 4646203 8142876 7031310 4275276 5697343
1327364 9896247 9083795 9988629 7684975 4576629
645662 5883992 4872833 8474136 6757943 7040511
2132420 1829249 4824842 14593 8405393 3409547
1281749 6762771 2845951 7782102 3586634 2161964
7683759 6271545 6012069 8409763 4351668 644761
2823385 1965589 231529 2231453 3293058 4549682
161448 4829500 824355 1165835 1570751 8274767
9571526 9339873 3951194 8901787 9285415 708867
2966922 1079627 5518168 8611466 8024814 6479380
1573747 7995839 3781657 9855925 3211298 5121510
7421049 1203363 4961314 4921695 5208981 984564
1133322 1315698 2917363 7888935 538815 4169259
8735312 5388986 7054895 2640698 1142180 256952
8476058 6548564 5204988 8831147 9600672 3761166
8367303 4426187 4708403 9395512 7419166 2388331
2317669 9504080 2996693 7143502 763448 4428356
5133078 613178 7784537 9551785 4812941 113974
3546197 5461978 3434022 5605442 7644646 2180336
4058660 423899 3582659 3777474 6573164 1792288
1986974 2960276 8836705 9806100 7805996 334592
7187068 759653 4733695 5387094 317574 3788583
7705371 7302015 8814315 631719 5392580 4797789
2439869 4393113 5228846 1624119 7883629 9916682
8558881 3793343 7360148 4477695 4542543 1853463
4296445 4798086 5820765 5161469 5688357 5409689
3598944 9803932 9819249 7936961 78382 3435712
5575595 5689818 2156930 2211292 3656567 1444343
2409698 9590451 2981747 7274246 6649447 2106016
5148873 3944428 3812582 632849 5597411 9817568
6339595 2487421 3706676 3126923 5562463 6341401
557440 8768874 6122994 2395190 663629 1703842
5943499 2928062 8175200 5724278 8566110 6642349
1827225 4629368 9541288 6702226 5046159 9707749
6831608 3944806 9811385 3085126 3783344 5299512
5093889 4475836 99580 8283391 6683291 1387407
6719655 5680512 6681597 306219 9430933 1776742
7246101 1117550 8067640 8418272 3735055 8814743
5376671 6161043 2516390 9332049 8822409 8583837
472867 1018625 9150128 1070280 8143265 5702299
1877558 3924265 9825973 7008358 5325333 5164280
3975274 4075784 6546982 1603284 3637846 2329981
8969919 7547478 9849808 5608331 921114 2362422
6037608 6283653 6285407 6235373 5365851 8681360
782008 7384548 5327263 1775247 4243319 7541325
1634969 8540280 4026343 902303 5259406 9077294
5411012 7553544 8565021 7953089 3344309 7826583
998064 6088443 8216110 2777614 3795453 5004089
