500
4439084 5771458 7373145 2521874 1724318 6551990
6761341 7444096 7182289 1017104 1187077 9331048
172844 6375249 6232361 5720736 2031656 2809906
49130 1983726 2717522 2328105 724006 6549202
9324179 8538634 2160675 7800432 26912 7240775
8408041 6854609 9056470 4739587 1090742 5419577
1829852 9375627 389374 6743660 9806201 426209
9696315 3940794 7375835 2189983 1688759 8271925
6170500 7102216 9933676 3088084 205514 1552367
3578426 4092886 9012469 7794727 9738223 9298483
9036525 4865715 5652730 2865565 8503473 7347464
2554227 910142 1945665 1059846 4626662 5359498
9456064 9068558 9731193 3007427 7687203 9405414
9237475 3940290 1893338 5107785 9137141 496934
8646171 2102407 8744208 9829263 1990533 7338939
3164451 8552533 741479 4603302 4512777 4590235
2535198 7405902 2438585 1658929 9907298 636203
8309647 6057699 700713 2658330 4587126 9715362
6375635 5179443 2560309 6172695 5085501 6348200
9655113 7632134 8426613 962635 5106063 8129889
7024423 8689707 373102 9102758 6489632 3075753
8593524 1948662 8859470 1507492 3840121 3708681
7596911 1505033 2118515 1263961 7284131 9290863
8745827 5352798 4245215 670891 3442405 6905316
6756802 7303435 314068 9963746 9989758 8526627
6641090 7352302 7957033 1261656 8992316 7196727
4660687 2592957 5979717 4774671 2367550 5517560
348301 6089576 5669116 2658876 1861121 140982
7199108 595400 1549092 1308301 2722753 9942105
924383 1915049 9433284 620006 2361498 4369175
7292136 4690773 4144746 5526174 2352572 3437060
2671063 259124 4674542 4987010 6761761 4286664
6908967 6434677 4982040 5464081 6226324 3079995
4116638 8665752 6888407 6247396 8839267 6685396
2395453 8221068 6003327 9946722 7384793 505246
5101778 5177527 9691726 3132669 3072883 3609542
496994 21875 3381830 1981306 6139678 294748
2472094 7032414 6130497 9560510 3063524 4564770
6572408 4774999 2746328 4385351 7526884 3608690
1045127 419778 1841745 6851739 5797636 8436607
2679582 3406903 8139993 2649296 2984456 3545569
5837324 6687958 9008995 7484375 7166707 7986156
9458968 2750149 653183 8321585 6790304 6747919
799246 5612040 355707 5076649 3483426 8684439
5124194 767473 1052424 3046103 9798702 3121274
6101805 5110497 8750724 7018652 3488142 3653434
6649758 7049130 358153 4024815 8430456 9571170
1812877 7260660 6574532 8065501 1095585 6481402
6852033 6795369 3003240 2815024 352361 1319223
6218234 9941166 7317564 1154910 1956065 3899995
9513147 6103275 227692 3394822 2878890 4827131
8203401 1588328 941546 2210320 5889050 1377719
7409424 9326638 9444689 5497940 1871201 5990482
3095558 1913644 309091 3916802 983138 2397795
6956229 2552364 8721274 5967114 9641781 8355855
2673360 3336789 7224597 8625777 9904723 1977428
7194540 1699189 9481734 2337215 7609161 8703167
68336 9480021 5825277 582229 2740641 5777033
3640 7100657 5554267 9179520 4340364 5173964
804742 2751952 4355433 4160708 2183468 1653942
7703615 8588597 2509415 612521 4916690 7321637
9378231 7904793 537033 7638193 2846657 5616941
1202710 7245749 238272 9753508 7075159 5541733
9663856 383117 9529641 1429615 7343900 1259666
742258 1732266 9468914 4511117 6855873 6632375
6736440 3755683 2018736 6036299 3644295 7108576
2442239 6800150 2025956 2670349 9574564 9456563
1830048 88321 101728 2434157 6656021 8426185
2991822 8575057 6644733 1639653 1817312 9382441
6404026 9050733 5885978 9324577 3990517 9564154
5197323 8400174 7017863 6416080 7103235 1741471
4183120 2851444 735397 3234505 1202957 5351103
4599461 1019040 3357639 1403321 6862666 4799600
495871 6398939 5920287 8965569 9506593 7239989
7539742 1043839 4647871 2647246 4531231 6665087
4768794 8955934 9059995 8744124 3873867 5004469
1370692 3469678 2918534 7191284 9928414 9737800
5483191 5678882 9803598 7348255 8563382 1528027
7582553 4095392 2876241 8154178 7036832 9433163
5686090 8954562 9496796 3292545 1407420 9500885
7591416 8317042 2012096 2873239 2602882 6845386
9628376 4722538 5742865 1921683 8585506 7586727
1142785 9413809 2908872 8455615 108972 9763673
4002448 7473776 9563929 4433185 998731 9672287
2830079 60731 3187394 7375661 9604268 8151282
1185465 2109589 4569297 3371803 2963800 1030642
5343587 1567906 9233975 9363417 7564324 5729214
1343961 2603179 7171369 7148973 3094528 3700003
3824753 5907323 6862544 9855357 9925430 1563375
6649542 4662367 4736363 9024710 262898 1721784
1584394 4024036 5091618 3623871 4327366 646071
6867186 5836890 9289786 1324451 4386513 6802388
1099309 5495735 7794934 1329027 488888 9053061
2779159 4175801 4885159 3765671 1046418 2747248
7744824 2170283 2144394 1488102 1318650 9449467
1695529 4556971 6978062 5679266 3001754 933909
7518281 712065 2099966 3952972 4638682 5536995
1879161 4011776 8867446 7252428 6070166 678209
1932283 861382 817655 8557597 5485399 7774136
1991153 2352770 2444426 8632288 2141844 108102
7719277 7390150 1509086 6539270 4773841 2089267
6886299 7287022 2125901 7219384 1718755 9250309
7153612 9984133 4286821 6567925 7777219 3737353
8583796 5547011 7206490 4039403 4423090 741085
4023518 7765225 9450106 8771021 2681827 6331251
3434516 9610884 140134 4362790 6148353 7276331
1204816 7336960 2527078 4572297 2025190 54071
550133 1369578 2610224 4753328 8355345 9632404
2410782 6816628 9474559 1814191 3662758 7721570
2196135 4189819 6675118 4462498 7999833 8756571
9705768 2325339 3708894 637167 9630054 5952785
4843309 5584944 4688212 6245857 5309114 8823932
603782 8100306 8777270 361730 1915871 8943748
4551686 3969802 8517102 9489122 530174 9299825
227156 781746 6298140 3216478 9775364 4148794
2001681 7215094 3553261 6921524 5414921 7312700
9840117 1062847 1823374 4707955 8106725 9133382
9822154 2806075 1783352 3328279 2606542 2031191
4673922 6538363 4172415 9367045 673072 804637
4924416 542568 7849551 6942339 8804386 9180832
7757841 8829429 3594439 8854338 2419474 5474203
1899478 6897520 8356288 9774427 7412141 1883525
19372 510762 5313533 4061750 4903026 772396
2223385 3743329 4896839 9999701 4197574 6390760
1569259 3281216 8002261 2248945 1226822 5993671
4152773 4121918 7457106 5639442 5409489 8484678
8340069 6669301 990626 4408228 699806 6687371
3812811 6558940 7982836 510430 5015401 6348473
4321952 7828818 5015704 9137642 9549674 3957451
6573575 6243832 9794498 7475739 1889295 5736911
1923972 5921788 5260056 637868 3202917 9900351
1162504 2493513 4531179 2779382 2267685 1370513
3645613 8076161 7117132 2534515 1687855 2095340
7577851 7718636 2875205 42481 5475316 2267254
4529750 4420231 7893394 5977793 2347063 5067293
4571671 2740738 787125 4414228 9022640 5259717
9484519 6162947 8556289 5013858 5667119 2028899
3682697 6268405 3733839 8130796 2698732 572092
7108484 1731940 9554771 817965 4677106 7916128
7576711 9152139 1434111 9138878 2357136 3712437
2172677 3616751 2918658 6544051 3544468 5602413
8727098 247177 9219161 3987766 652688 5407747
8989035 2522190 9685090 150310 7548091 5808924
2677161 3852169 8598352 8354928 5409667 6664453
8926640 1950919 4067580 9102540 6331243 5376083
1414798 2783633 5477336 9847106 637608 5103126
1224055 3389102 7717330 8194954 6255888 6287706
7507011 9863648 2647045 1793983 1196085 8301224
476151 861626 2346439 1888236 8502048 6067215
9307282 6172914 4395078 5861495 2660441 6071122
4293385 4979050 147145 8126552 579352 5924470
2467871 3739988 4668462 4256057 11799 2522769
2961858 7924896 1686396 530266 9894064 4638003
8610102 8131893 4894772 7029629 4622755 1559185
6686201 9863657 4408893 1315295 4239114 8616983
3887442 240192 8678849 4472771 5048026 2459843
6033656 9991067 2809082 6427389 5287057 3893175
9883123 6431734 7557658 4298211 3010895 4053376
5199412 5817844 8857936 745738 3770211 5544004
1797786 4691814 1640369 879984 2446932 203946
376800 9285986 2064257 4635904 4320811 7779984
230030 3004463 2917426 6142698 3377230 8881049
7498715 8346999 7812880 8846690 4526611 3614070
1696061 3234622 5266221 8732934 8813761 1562745
5680501 8073601 7155534 5837701 12226 2704331
3063473 6605516 6225576 7171543 5989389 8237672
7844537 4915896 2120662 5987424 6462492 4289946
348361 4993771 3064259 4833916 2552271 6017005
9652176 2917008 1554020 751287 1955760 7231311
6092343 4390579 4742493 7721414 4957854 5401772
4205236 1514642 4931313 416197 4362636 5264448
8093158 2350425 2536762 5992755 7989504 1338471
7236015 6543221 9689208 5389183 3682261 8468874
1976606 2376626 6302989 7462752 3116899 5873418
6178136 7243750 2895234 660981 8674616 7777940
72121 5722213 3613802 202866 3009199 8257415
8017133 4559006 3822678 2829555 9903005 6053864
7626914 8166110 4618164 5210650 9808885 239179
2385733 1651767 9317113 4426736 6900837 742270
3348590 1961380 7402307 3290109 9412301 3987777
201539 5997461 4896800 7909804 7727134 1276426
5506356 9866589 1442457 5542885 8238553 4882586
7715016 3126373 3075982 6670760 9490554 8811644
468926 1670513 724542 793606 7101312 834681
813229 9907551 3494947 6998156 601067 4356126
736398 1071888 1679792 4611766 5616481 6087750
9267643 1375298 7735400 8412370 8550278 7246868
6726769 1701078 2924115 1436660 2457911 4370446
8380311 5214015 119192 5063297 4995115 6669002
6739206 9500822 621453 5849084 7527365 1293586
4560360 9440722 3347253 1925419 8762970 7574277
6233047 7950257 4887334 8516680 5700253 9372669
8835601 1971644 4041569 3106431 1897345 9799819
5975518 1096407 9805225 3836456 5503025 1540110
951573 7804500 2199013 9546136 6310484 4521364
6686953 1378695 8662249 4516912 8446377 1412574
8666043 8599419 8798437 8628553 1848887 6760138
7577497 1225356 7781030 7698344 9221401 8704056
3960468 5972685 5622651 9575083 5256908 9045651
9384454 8731205 1943373 1491253 5559013 7977592
3660527 3467672 8370482 1696813 3458880 4600855
1221527 4311750 9964933 1092075 9649970 4331825
3231478 2294737 7438040 8687785 3479393 3842391
6417509 5029852 6299275 9036090 8584109 8610729
1431913 2449367 1099324 7753721 7809702 150430
8724599 7604568 64684 1706391 1268273 7083246
9693570 2821209 7221954 7354569 6143556 9395561
8227646 3364461 3582314 2896507 8073887 1630385
830292 7014782 2395882 4278858 8583227 7356279
8012456 1999129 266029 3194767 5464975 3483069
8054837 4477544 5615555 8841304 9041298 3127300
83630 5385646 5984392 5438486 4146818 3287785
9661961 7170172 3659911 2797335 1403374 5382445
5377703 7673176 7953945 399769 5254878 1933730
6785341 5360394 5390773 4790429 4375665 478095
6108704 9646736 1632439 4591307 7174390 2421271
9056166 4840747 6591675 3064866 3303767 9594175
9238622 9065418 1784037 1442125 8914174 4110303
8146119 5442895 846433 1695769 73590 9068345
2303379 473976 910764 5815025 6114984 6297221
5174003 7604175 2771684 8181323 6895236 5918782
2388445 2804621 2875005 5712733 891184 7441267
543465 58077 2653024 7167648 8324433 4104952
4410619 3745847 2477354 1652912 9617727 6616046
1366854 8491941 8705568 7268894 6854371 8300568
4441591 756944 7458262 3574693 9757028 7821429
56953 5445130 372735 5080264 6434487 8968451
1314608 2758829 1783358 7329167 6136688 9543472
2745695 6179896 7282463 700708 7521763 1199801
7955462 4118503 6177978 8315295 6735080 6363890
2045483 4745007 4292167 5913573 3792005 8446232
9457079 2393887 2969032 3328805 33650 1593693
4640656 7686923 3586946 7027622 6312312 1740876
6449153 9485239 4281403 3874572 2445131 5836965
1372463 6363596 5015509 8455541 9096749 1741766
3030159 4073131 8363376 8833190 9579363 8350951
6458055 2357255 2492682 2306924 3243184 4826528
4237599 6622927 2275535 8456714 7094390 7687619
6561260 5291723 9609240 2920799 4205243 9185924
5057749 2518451 7307432 9840003 5177619 1475085
3425209 5943413 1493219 9333424 9398146 6084688
8541385 2460184 2885217 9574132 2532046 200966
4294438 2922878 6054031 8064209 684091 4301289
7356242 3186745 7900715 5536993 2617489 7461717
1538069 4523434 9865231 266969 8452571 3044175
2087283 1762272 5269370 8390911 1513920 4131691
7321519 7673451 8954958 2390384 2778974 2677276
9599124 9484454 9624951 8071068 2439025 5023849
674464 258343 8224006 1023233 6253734 6290597
1342998 4969834 7480685 6240561 8743020 1398086
9908297 408722 7553266 680929 208083 9930335
8577011 963919 3653925 2439017 157292 6853094
948363 147601 1105673 2190159 8695689 9798099
5639969 1296635 7171665 8660182 916894 5657098
3625194 4980281 8721287 6064266 9761221 7316665
2726809 6252152 3220291 2778985 5012976 7942531
4035441 3177780 9376310 3940500 7994137 7535942
7945262 8124126 9023552 4134714 2217713 7027361
7716528 5911707 3357199 720380 9897278 1026143
2729346 2387345 3451042 585103 2080755 3296072
5872149 1653372 8107820 1256049 1616894 5943435
863618 8989041 9773158 5648288 484286 4550662
1077253 8202212 9902908 7136849 4198571 1732909
3296492 1581913 5959413 8701650 6661796 3837651
3531744 7634061 3279247 2060075 5376770 2009525
7749169 3413021 1319591 298176 4820396 6686689
6880011 433577 9581867 6486366 1136329 1835376
1813173 7210361 4516768 2037439 6311150 2685739
4062260 2322620 6809170 9865949 7637176 7587108
3995441 8059085 7964254 9918793 8774708 1396452
3391397 5956260 9424967 3627154 5655325 5867719
7682125 4643052 6247589 2902426 164267 1672213
8936423 777448 9856785 7067159 3232105 9059784
2079613 5249989 8904572 6335356 6085900 3094571
1510526 4667991 4268794 9811922 2322515 7745036
8817292 4189756 9695355 7321063 8255011 9804262
356317 3821754 2773612 5585867 7356948 6552495
8285991 9841441 1940811 2990969 5639530 8895205
9984083 2618788 6056937 8234855 8443242 9584864
2649836 2389070 2482403 8357699 9192189 9326994
3777651 9543626 8799243 4558790 6448664 8576545
5860360 3255210 1011545 989154 6924205 746409
1228207 4935691 3573114 4908453 9535780 1511228
8589887 5278251 8360070 1849730 3232343 9511329
2669872 8697504 6823186 7343919 1631106 5550441
4142230 9966063 4694069 8691005 1593943 2533191
9280768 8590682 8195063 3063242 6094349 2578725
5625966 3196904 5516149 9385828 1193832 6474122
5530068 8666650 6128013 5711940 5388745 8267780
7306580 5086860 7092693 5593826 2851979 6055801
7133919 8422027 7832035 1545925 5167778 2682182
8268003 6457419 8807749 5348615 3281940 2567628
936138 1729088 7302698 2100488 3765527 563385
5078385 1447014 4592908 374126 3746362 5710040
6444575 1133343 7252905 2325104 7492042 9478582
1767071 2955517 6824804 1596761 2910225 740142
7265883 9812151 5904228 9541160 1730626 1875764
3892360 6135096 8060768 368992 2026962 816773
1774324 935778 3873249 5531918 7535359 8124172
30912 4212405 5422623 7025095 4082172 5339073
3229129 4867297 8232877 3501031 2952800 9922272
7217665 9700404 4936980 8021541 8382886 7778573
8890149 187983 5676833 4142899 292848 5158888
193004 6621275 2835193 7619738 945056 2118066
9237369 4659271 3151645 8724443 1348519 5658518
6855447 4259472 1545238 7561761 3406138 6157051
7637250 2986674 6741571 120140 5095370 7273069
7781273 4987611 6558909 9164861 6645184 5897198
9267756 5273604 7024036 6997546 6959543 2009456
6184136 188889 7346374 2835569 7702008 2534440
4733159 2164537 8883353 3228086 2310350 4863108
931794 8775611 2113350 9471266 4267870 1099858
3805036 176926 3824758 8758851 2854994 332462
1742863 2148191 2154253 1454485 2141341 4056470
6040717 9303571 3458156 2257826 1696155 7786816
2753550 9672886 6949412 1616346 6347468 3425086
2652434 9999768 5026898 9421749 9265903 5362706
7559386 7894840 4359766 7426303 7416530 822365
8541680 2693640 6470343 136717 3856367 3580296
7364893 3265262 6801392 7622738 6951773 9279560
9067528 8758827 4532954 1419014 8306392 7324265
4697526 9475455 3147599 1961966 9281063 5407739
4828721 9396621 7411841 7968352 8440847 8137475
3981891 5012174 3233940 7321330 6988862 3398486
7592750 5746598 5622324 7883218 3069718 4191303
1482350 5093152 5516264 6397487 9692277 8822112
5000435 7411319 1606581 4161902 7614342 8443551
2626963 8821286 3596806 3752020 475826 2084936
3230141 4073582 6498784 1969128 4121089 5400050
8957862 3756213 946538 7395353 5345796 9494006
3863466 3136642 5607729 3466520 5189121 7305333
9730567 4731221 5116679 2206721 2420652 875000
2402853 5806834 2321405 6987827 6989698 7308791
4483773 8921514 3101832 769000 8530862 1666202
671903 5211703 1511023 763295 3093768 5425334
5247309 3445239 1786779 4990663 9198878 7577673
2475055 938277 1623716 2809991 5913559 7181852
8629786 5801600 8814025 6878158 2978083 113435
2835385 9994653 5868739 4207423 2015641 6395242
7040179 3285048 7286054 3113639 414970 9597811
8512078 3364110 2625896 8475281 4760342 4701768
9690361 5218697 5812483 555251 2292599 5973882
6456466 3617448 8713075 8555613 83476 7092140
657176 609113 7343127 7837539 8020107 4444725
2876671 5479155 1522240 1067862 1185566 6631821
8527207 1991381 1189993 8925504 8922557 823335
6925962 9461523 512200 7586559 8467422 7432120
8716937 4706455 1957341 746308 2371696 3791217
7482862 7020232 4022774 1425736 3242592 2084976
6045466 4440252 8502402 3250315 8422529 8235747
4175631 7855371 1740704 7606983 1451026 9615391
9935866 9346976 6350782 9774167 7596040 6553249
8081784 7516265 2427824 9098037 3714316 6309247
1421136 686617 9585138 4076524 2700483 8025315
8920520 9449538 5579706 2399917 5066012 2858626
145182 8481964 2959435 6691412 8244887 6184722
6177861 4180168 332597 2073792 1371660 80116
1191302 4463686 1437150 7026971 5244274 4791328
1119963 4201566 9519372 1438126 1964598 3400817
1976727 8753489 1121108 7622678 7428750 7840690
2984148 9579481 2810221 2720435 4275406 6601750
6045487 1768450 6143924 8281160 1883724 982344
7994582 9652875 8461661 9433344 2257120 9746786
719370 6963997 5296746 6210705 4215073 8651660
664327 4832010 6568366 8996407 314406 1476785
2006803 2206583 3010175 4751384 1002889 6755510
8622624 7690491 5923269 7662770 4349328 2631724
2209718 4393998 8534299 3606383 1806845 3606518
4723979 3434054 4003162 3668995 3139438 425222
1199675 831953 8676822 5127725 826700 3657748
3525352 3842644 3065590 1163103 5472841 6354088
8157965 4196681 5739039 6315388 1952797 1273994
8117738 7150653 6452674 6428141 7151436 9556236
1064178 4555070 437979 4994893 2261996 2153931
4548844 7774508 3658515 1188907 7803036 7555825
5491320 1757173 9288076 9692010 9675851 626850
2665034 6972254 5061364 3278793 1217633 8392887
3176062 678461 6601881 3207211 1103682 9678390
7727139 9025765 6164877 8700498 1790010 1440195
1083123 9519535 6394146 9586735 6754119 8081104
9241636 9290109 5576053 859531 8113762 9136397
7803744 265055 5041628 336378 7273730 1147209
5375160 1892542 906000 7752581 5682601 9025640
7619983 5178794 6712321 1279815 4343944 5771045
608970 5355621 55008 7338182 3586074 723728
9809926 4823961 4125197 1145002 7097852 2290143
1434646 4371359 6400645 7123315 3656093 7664317
1162491 498784 35118 4729704 6790458 4563729
694875 6037379 7674178 9925351 7396785 5850985
7515890 2689812 2915086 3345860 6849151 5017307
5411883 1659135 5183161 5000739 3955618 5818494
524541 6924155 7027591 131034 9332618 5100986
890768 1726705 6388013 7850752 1180446 4013833
19501 9691844 1983669 4680532 2066129 1089483
6809119 9732868 2209389 2639895 9312728 3847300
5242905 9277856 816228 1180383 124645 3954289
2863382 6781754 6249118 175356 437348 4429443
5877624 2205232 9688704 2831712 7114680 186137
1491736 8858977 1299762 1220209 9163540 6373767
845223 1781832 8482148 5369984 463662 7899061
1987412 9281390 3132967 8629929 3770109 4814459
2676676 9354144 1431603 7028420 9944519 255241
8054075 1485748 124794 2676937 7080710 8484387
3322408 9821599 6900691 6472125 6569290 8019576
6906664 2093435 6602370 9106953 7496739 8509854
7534975 3283749 5597591 2274413 9783703 6779680
1600367 5760552 8698646 9775682 5442102 3501226
1632839 8863141 1295891 9832362 9010452 9725098
7398905 9966161 9897213 450803 386341 6446573
3264952 9685508 3747743 988426 5853678 2699422
2939870 3821178 6793626 6469481 5577824 6631784
4239671 1568110 6640941 3184006 7244453 2489003
5828037 9586235 1458897 3582057 8207015 7882692
3254569 1409949 1859424 3954516 5334182 1867925
2073604 5662216 4378680 722864 5159172 7010067
6823137 1336384 5343566 1342683 7013928 7092106
5412230 6038537 8741454 1635362 2289899 2351125
7802822 8393376 7273171 96800 6644130 9566557
2019897 5689064 57538 9512694 1708152 6461906
1110884 7420657 3474338 865681 8672165 8039380
2315233 5404193 6362543 9093899 2650780 2742247
7380968 5672118 9382613 2240631 9501829 3031411
2236422 3222657 6461311 8981299 3123215 3637635
4964532 8238550 1143666 342768 2600846 7601374
8452396 1634906 3353558 7960578 9665094 6870171
979886 5778290 5574649 4256054 2884544 7611151
7549104 1936930 8969754 2603751 5766818 4999356
3796610 3816165 317328 951023 6833277 8630688
6353460 3687903 3817527 3859487 8213844 2682178
4953072 9636965 8595965 1196420 2844508 4834314
9787459 5107426 2174954 3303247 2201583 5700386
1130778 2986756 1555503 2758660 9332909 3705047
705273 5344387 7507962 9927317 5954969 578362
9044613 2661299 6903906 2921599 2419712 747185
6202189 9449696 8279284 8881758 1978970 9363242
3153521 3623490 3440922 7256519 2686274 1059775
7742068 1482950 2421281 4179226 7036619 7195394
3281181 6538937 3690173 6193266 2850437 9750914
9025586 2612444 4163143 8566223 5736100 540936
4418902 6391574 6928377 8590048 9446786 9030234
8176745 9499834 8013871 5902042 5846965 3153195
3119573 5169534 3490638 1676345 9042610 4123454
9470655 6334115 9903932 7641778 8472062 1614200
5962062 4749016 7051572 6377343 805168 5279697
3078494 9291214 7166501 6357815 2711994 5546450
8036603 9201782 1829768 985580 5759975 596628
3615271 6503786 8680097 8305678 4317081 8508831
264189 9756751 9361725 4091537 307065 1758148
561823 1524267 5406610 5558456 4532249 7119218
7992959 2640321 7549763 9082691 1159002 5471516
5740346 8371900 2043798 3693168 9877639 892139
177058 9120136 6151393 2061350 8189848 8200520
2266824 6826274 3116275 4850868 78132 3512936
9792982 8167127 8899681 1265824 8426224 1342313
7912493 3916924 3672656 9111700 8417013 605037
1192932 7348667 5010431 4460283 2893020 1238426
4731766 5619196 2959768 8820168 1718434 1063311
2383751 6805536 4647503 4838022 8395674 99998
31013 8528336 7227016 3099540 4495616 7106811
5973220 5886561 2936089 6615179 396998 9220717
4578252 1310822 5365375 2867793 4909764 8583920
6009615 5579588 7984450 6778932 9866383 247559
8328346 6907574 2152728 9143897 6626118 2341113
9922643 8159314 7869456 8887868 4666036 4730880
1868616 3776863 3254282 8043510 8957517 848814
7358645 1788431 6848882 4604148 1703995 4072734
5751544 4241487 4857408 3451752 840403 6793812
3932397 6023569 9038876 1443297 2780218 8019772
9920796 4567160 7413078 9871877 3114038 1845590
6421552 9952074 6215433 5473283 3113891 7944794
2479776 2216440 7544185 3450196 6055035 2959560
5539469 7878850 9685553 2541794 8078454 4517396
8528139 3045583 703750 3387237 2494409 6245709
8107964 7439507 8755751 7130676 1002808 7160196
8766347 9229086 9292061 784278 800631 160463
760287 9513561 4923388 5558135 7157441 6378884
4141670 7270829 8479135 6705693 6156242 7343199
658262 9678380 5448600 1263413 9992774 8222740
5749122 4360792 2162526 1983638 6960144 3163918
6704635 9497066 1461642 589128 1058572 1602952
6721343 3070228 227068 7310140 1988293 6678785
2413867 7064294 2476724 7089826 1849535 9580938
4432676 7139593 4738931 1710009 9074298 8264035
4336743 8388880 9680305 1373650 3529141 9779475
1294157 3283301 5235411 3583019 9643332 3633866
966904 9059753 9598119 4814770 1981408 1872695
71743 6806406 4245382 9750384 4246484 1922981
8353004 8180920 8099822 332505 4206271 830979
926394 4425739 9133035 1515615 5736565 4472897
8811908 8577325 9477768 1862419 3349215 6333605
6950358 3771279 8115355 525473 3274390 444197
5085751 3413309 411392 1921361 1162688 5574684
1473405 5796577 9008020 8587896 8262222 4170042
8200625 7404075 5725595 735355 3833107 3963296
489297 9535880 2121392 5804720 5305504 317346
8146807 9003821 1535738 5366743 2416611 580897
9541131 6080839 5818366 7635736 9153323 3767212
2965295 8590978 1200317 7784938 8111217 8455837
4930102 9570029 9533307 7117002 4737956 6187211
7552622 4564118 2164637 4927636 6278781 8592202
