12
2254257 9549656 1058756 4279348 1978347 8312021
7541208 7922960 6368886 3522457 1574702 8184876
475591 6539906 7260626 35333 7472357 4468285
3837993 9917908 1715087 5325585 513214 374502
426910 9083394 154433 6395545 3633934 7081940
487223 8852152 3719368 7346534 8318349 9275444
3910508 5799890 3873297 3670536 7710866 4861728
360537 6982340 9335754 1677726 3118989 4972605
2028196 5581698 8402024 7081780 8518081 3185149
4468285 475591 6539906 7260626 35333 7472357
9881818 579247 8056871 4072500 6782828 6951035
2902582 6159315 9207315 6286473 1450685 7364554
